0 0.1332842415316642 0.7821637426900584 0.07216494845360824 0.017543859649122806
0 0.22754050073637702 0.6549707602339181 0.0662739322533137 0.02631578947368421
0 0.329160530191458 0.6403508771929824 0.09867452135493372 0.029239766081871343
0 0.26435935198821797 0.9502923976608186 0.05743740795287187 0.017543859649122806
0 0.08468335787923417 0.8786549707602339 0.08100147275405008 0.03508771929824561
0 0.7643593519882179 0.9181286549707601 0.061855670103092786 0.02631578947368421
0 0.3711340206185567 0.7185672514619883 0.05596465390279823 0.024853801169590642
0 0.3019145802650957 0.9247076023391813 0.041237113402061855 0.033625730994152045
0 0.6678939617083947 0.9137426900584795 0.0662739322533137 0.023391812865497075
0 0.7812960235640648 0.9276315789473684 0.101620029455081 0.05701754385964912
0 0.8689248895434463 0.5343567251461988 0.047128129602356406 0.04824561403508772
0 0.10456553755522828 0.5138888888888888 0.047128129602356406 0.039473684210526314
0 0.29455081001472755 0.7953216374269005 0.047128129602356406 0.02631578947368421
1 0.35640648011782033 0.9327485380116959 0.061855670103092786 0.03216374269005848