0 0.1375 0.6763211382113822 0.060294117647058824 0.021341463414634148
0 0.46838235294117647 0.38262195121951226 0.06323529411764706 0.013211382113821139
0 0.4161764705882353 0.4944105691056911 0.08823529411764705 0.017276422764227643
0 0.24705882352941178 0.3694105691056911 0.047058823529411764 0.021341463414634148
0 0.13970588235294118 0.6270325203252033 0.07352941176470588 0.020325203252032523
0 0.40808823529411764 0.4339430894308944 0.051470588235294115 0.014227642276422765
0 0.6235294117647059 0.9288617886178863 0.09705882352941177 0.022357723577235776
0 0.29191176470588237 0.4588414634146342 0.06323529411764706 0.0233739837398374
0 0.46691176470588236 0.4126016260162602 0.075 0.016260162601626018
0 0.33897058823529413 0.5746951219512195 0.08088235294117647 0.017276422764227643
0 0.2985294117647059 0.35721544715447157 0.05 0.011178861788617888
0 0.3573529411764706 0.6031504065040652 0.044117647058823525 0.021341463414634148
0 0.2426470588235294 0.6448170731707318 0.08529411764705883 0.017276422764227643
0 0.4426470588235294 0.6346544715447155 0.07352941176470588 0.02947154471544716
0 0.3058823529411765 0.5020325203252033 0.029411764705882353 0.012195121951219513
0 0.2889705882352941 0.6290650406504066 0.06323529411764706 0.016260162601626018
0 0.23823529411764705 0.5985772357723578 0.05 0.012195121951219513
0 0.09705882352941177 0.46138211382113825 0.023529411764705882 0.032520325203252036
0 0.10441176470588236 0.7743902439024392 0.058823529411764705 0.016260162601626018
0 0.2161764705882353 0.5797764227642277 0.058823529411764705 0.025406504065040653