0 0.3114874815905744 0.7945906432748537 0.05743740795287187 0.021929824561403508
0 0.8541973490427098 0.5950292397660818 0.07952871870397643 0.02631578947368421
0 0.21723122238586157 0.8998538011695906 0.054491899852724596 0.03070175438596491
0 0.6730486008836524 0.9166666666666666 0.05891016200294551 0.017543859649122806
0 0.22901325478645065 0.9510233918128654 0.07216494845360824 0.024853801169590642
0 0.508100147275405 0.8720760233918128 0.07363770250368189 0.019005847953216373
0 0.4845360824742268 0.9181286549707601 0.08541973490427099 0.02631578947368421
0 0.927098674521355 0.8399122807017544 0.06921944035346098 0.021929824561403508
0 0.3438880706921944 0.9788011695906432 0.048600883652430045 0.01608187134502924
0 0.8843888070692194 0.9466374269005847 0.039764359351988215 0.019005847953216373
0 0.22827687776141384 0.8435672514619883 0.035346097201767304 0.038011695906432746