0 0.6995581737849779 0.9407894736842105 0.061855670103092786 0.027777777777777776
0 0.18483063328424154 0.8640350877192982 0.05154639175257732 0.017543859649122806
0 0.4116347569955817 0.8260233918128654 0.08394698085419734 0.029239766081871343
0 0.2761413843888071 0.6103801169590642 0.0780559646539028 0.03070175438596491
0 0.13549337260677466 0.5862573099415205 0.05891016200294551 0.03508771929824561
0 0.6649484536082474 0.9663742690058479 0.048600883652430045 0.017543859649122806
0 0.646539027982327 0.5760233918128654 0.053019145802650956 0.02046783625730994
0 0.10382916053019145 0.864766081871345 0.054491899852724596 0.019005847953216373
0 0.10309278350515463 0.8793859649122806 0.050073637702503684 0.021929824561403508
1 0.5412371134020618 0.9071637426900584 0.11634756995581738 0.06286549707602339
0 0.37628865979381443 0.6440058479532164 0.042709867452135494 0.039473684210526314
0 0.5228276877761414 0.4649122807017544 0.08247422680412371 0.03216374269005848
0 0.8070692194403535 0.2909356725146199 0.050073637702503684 0.05263157894736842
0 0.9101620029455081 0.24634502923976606 0.026509572901325478 0.039473684210526314
0 0.11045655375552282 0.8004385964912281 0.023564064801178203 0.027777777777777776
0 0.12076583210603829 0.9115497076023391 0.023564064801178203 0.039473684210526314
0 0.29528718703976436 0.85453216374269 0.039764359351988215 0.027777777777777776