0 0.8095588235294118 0.6834349593495935 0.057352941176470586 0.011178861788617888
0 0.20073529411764707 0.5858739837398375 0.051470588235294115 0.015243902439024392
0 0.7691176470588236 0.7164634146341464 0.07647058823529412 0.030487804878048783
0 0.8477941176470588 0.6580284552845529 0.0838235294117647 0.017276422764227643
0 0.85 0.8003048780487806 0.1 0.03353658536585366
0 0.11544117647058823 0.9197154471544716 0.0838235294117647 0.01829268292682927
0 0.725735294117647 0.8236788617886179 0.1161764705882353 0.0233739837398374
0 0.6830882352941177 0.8938008130081302 0.11323529411764706 0.0233739837398374
0 0.12867647058823528 0.8607723577235773 0.060294117647058824 0.014227642276422765
0 0.6375 0.9751016260162603 0.10735294117647058 0.03150406504065041
0 0.1963235294117647 0.9298780487804879 0.045588235294117645 0.034552845528455285
0 0.19117647058823528 0.9613821138211384 0.11176470588235293 0.03861788617886179