0 0.8917525773195876 0.6184210526315789 0.0662739322533137 0.02631578947368421
0 0.1296023564064801 0.7807017543859649 0.050073637702503684 0.023391812865497075
0 0.7621502209131075 0.8516081871345029 0.060382916053019146 0.019005847953216373
0 0.7798232695139912 0.5855263157894737 0.0780559646539028 0.021929824561403508
0 0.6737849779086892 0.9349415204678362 0.0780559646539028 0.03654970760233918
0 0.9300441826215022 0.5365497076023391 0.045655375552282766 0.05555555555555555
0 0.8880706921944035 0.5211988304093567 0.06774668630338733 0.021929824561403508
0 0.24447717231222385 0.9451754385964912 0.047128129602356406 0.01608187134502924
1 0.7621502209131075 0.7931286549707602 0.16642120765832105 0.05116959064327485
0 0.9123711340206185 0.45687134502923976 0.0898379970544919 0.033625730994152045
1 0.13475699558173784 0.9188596491228069 0.030927835051546393 0.024853801169590642