0 0.5986745213549337 0.6885964912280701 0.08689248895434462 0.023391812865497075
0 0.7717231222385862 0.6695906432748537 0.07069219440353461 0.023391812865497075
0 0.7908689248895434 0.6206140350877193 0.07363770250368189 0.019005847953216373
0 0.8100147275405007 0.9013157894736842 0.06774668630338733 0.021929824561403508
0 0.4572901325478645 0.6754385964912281 0.06921944035346098 0.029239766081871343
0 0.7474226804123711 0.881578947368421 0.06921944035346098 0.017543859649122806
0 0.7061855670103092 0.6447368421052632 0.09278350515463918 0.02631578947368421
0 0.7415316642120766 0.9188596491228069 0.05154639175257732 0.021929824561403508
0 0.1921944035346097 0.7441520467836257 0.08394698085419734 0.043859649122807015
0 0.3858615611192931 0.8523391812865496 0.053019145802650956 0.02631578947368421
0 0.9020618556701031 0.5972222222222222 0.054491899852724596 0.024853801169590642
0 0.23269513991163476 0.864766081871345 0.10309278350515463 0.03654970760233918
0 0.9079528718703976 0.6206140350877193 0.0662739322533137 0.021929824561403508
0 0.23711340206185566 0.8135964912280701 0.08247422680412371 0.027777777777777776
0 0.5235640648011782 0.9320175438596491 0.08100147275405008 0.033625730994152045
0 0.11266568483063329 0.8581871345029239 0.030927835051546393 0.02631578947368421
0 0.7422680412371134 0.5124269005847953 0.07069219440353461 0.03654970760233918
1 0.6958762886597938 0.4400584795321637 0.15758468335787923 0.06432748538011696
1 0.33063328424153166 0.908625730994152 0.11929307805596465 0.054093567251461985