0 0.8262150220913107 0.9385964912280701 0.05891016200294551 0.02046783625730994
0 0.08836524300441825 0.8223684210526315 0.05596465390279823 0.024853801169590642
0 0.7835051546391752 0.8728070175438596 0.061855670103092786 0.02046783625730994
0 0.8387334315169367 0.8903508771929824 0.060382916053019146 0.02046783625730994
0 0.8564064801178203 0.8574561403508771 0.060382916053019146 0.019005847953216373
0 0.17083946980854198 0.9320175438596491 0.07658321060382917 0.04824561403508772
0 0.3394698085419735 0.9049707602339181 0.08689248895434462 0.03508771929824561
0 0.7172312223858616 0.9122807017543859 0.050073637702503684 0.02046783625730994
0 0.9020618556701031 0.8728070175438596 0.05154639175257732 0.02046783625730994
0 0.4793814432989691 0.5745614035087719 0.05743740795287187 0.023391812865497075
0 0.8556701030927835 0.7390350877192982 0.08247422680412371 0.08625730994152046