0 0.7536764705882353 0.7098577235772359 0.0661764705882353 0.019308943089430895
0 0.6889705882352941 0.6620934959349595 0.07794117647058824 0.021341463414634148
0 0.7014705882352941 0.779979674796748 0.1264705882352941 0.025406504065040653
0 0.40808823529411764 0.6996951219512196 0.1426470588235294 0.025406504065040653
0 0.3713235294117647 0.6209349593495935 0.0838235294117647 0.014227642276422765
0 0.26176470588235295 0.7815040650406505 0.06470588235294117 0.020325203252032523
0 0.2514705882352941 0.883638211382114 0.10882352941176471 0.021341463414634148
0 0.15735294117647058 0.9247967479674798 0.07647058823529412 0.022357723577235776
0 0.5830882352941177 0.9456300813008132 0.11911764705882352 0.027439024390243906
0 0.6507352941176471 0.8755081300813009 0.12205882352941176 0.025406504065040653
0 0.20147058823529412 0.8353658536585367 0.1411764705882353 0.032520325203252036
0 0.8801470588235294 0.7454268292682927 0.04852941176470588 0.011178861788617888
1 0.5367647058823529 0.8135162601626017 0.1411764705882353 0.04573170731707318
0 0.3323529411764706 0.7881097560975611 0.08529411764705883 0.021341463414634148
0 0.2933823529411765 0.9136178861788619 0.1602941176470588 0.034552845528455285
0 0.14044117647058824 0.9491869918699188 0.08676470588235294 0.026422764227642278
0 0.55 0.54369918699187 0.052941176470588235 0.016260162601626018
0 0.11029411764705882 0.6524390243902439 0.05 0.04878048780487805
0 0.2375 0.6026422764227642 0.06323529411764706 0.016260162601626018
1 0.2838235294117647 0.6890243902439025 0.08529411764705883 0.03658536585365854
0 0.11764705882352941 0.6900406504065041 0.07941176470588235 0.03658536585365854
0 0.8360294117647059 0.8130081300813009 0.08088235294117647 0.022357723577235776
0 0.8566176470588235 0.8058943089430896 0.04264705882352941 0.010162601626016262
0 0.08529411764705883 0.4857723577235773 0.023529411764705882 0.026422764227642278
0 0.22058823529411764 0.7195121951219513 0.06764705882352941 0.01829268292682927
0 0.09705882352941177 0.8775406504065042 0.032352941176470584 0.047764227642276426