0 0.24374079528718703 0.8077485380116959 0.09867452135493372 0.03070175438596491
0 0.3070692194403535 0.9042397660818713 0.05154639175257732 0.019005847953216373
0 0.4366715758468336 0.952485380116959 0.054491899852724596 0.019005847953216373
0 0.14727540500736377 0.915204678362573 0.061855670103092786 0.02631578947368421
0 0.5721649484536082 0.8903508771929824 0.054491899852724596 0.02046783625730994
0 0.5471281296023564 0.8179824561403508 0.1134020618556701 0.03654970760233918
0 0.12665684830633284 0.894736842105263 0.050073637702503684 0.029239766081871343
0 0.211340206185567 0.9634502923976608 0.06332842415316642 0.02631578947368421
0 0.093519882179676 0.7171052631578947 0.054491899852724596 0.04824561403508772
0 0.14653902798232696 0.7719298245614035 0.08689248895434462 0.023391812865497075
0 0.10309278350515463 0.8720760233918128 0.04418262150220913 0.024853801169590642
0 0.1642120765832106 0.8618421052631579 0.05154639175257732 0.03070175438596491
0 0.0817378497790869 0.8369883040935672 0.048600883652430045 0.04532163742690058
0 0.1325478645066274 0.9437134502923976 0.050073637702503684 0.024853801169590642