0 0.1642120765832106 0.8289473684210525 0.0780559646539028 0.02631578947368421
0 0.6686303387334315 0.6557017543859649 0.07952871870397643 0.027777777777777776
0 0.6244477172312224 0.8596491228070176 0.07363770250368189 0.02631578947368421
0 0.12444771723122239 0.7244152046783625 0.05154639175257732 0.03070175438596491
0 0.5213549337260678 0.8055555555555555 0.08541973490427099 0.023391812865497075
0 0.698821796759941 0.7032163742690059 0.06921944035346098 0.02046783625730994
0 0.7776141384388807 0.7346491228070176 0.09131075110456553 0.04824561403508772
0 0.10972017673048601 0.7850877192982456 0.027982326951399114 0.043859649122807015
0 0.7754050073637703 0.3925438596491228 0.1134020618556701 0.03654970760233918
0 0.7474226804123711 0.4466374269005848 0.06921944035346098 0.03070175438596491
0 0.8630338733431516 0.07163742690058479 0.09720176730486009 0.038011695906432746
0 0.5382916053019146 0.4305555555555555 0.07511045655375552 0.04532163742690058