0 0.6642120765832106 0.9203216374269005 0.047128129602356406 0.019005847953216373
0 0.6929307805596465 0.7258771929824561 0.0780559646539028 0.024853801169590642
0 0.30412371134020616 0.7690058479532164 0.05743740795287187 0.023391812865497075
0 0.39248895434462444 0.8245614035087718 0.0780559646539028 0.023391812865497075
0 0.8976435935198822 0.6995614035087719 0.0662739322533137 0.033625730994152045
0 0.08468335787923417 0.8004385964912281 0.06921944035346098 0.03070175438596491
0 0.8946980854197348 0.8355263157894737 0.07511045655375552 0.039473684210526314
0 0.3836524300441826 0.952485380116959 0.08100147275405008 0.027777777777777776
0 0.5883652430044183 0.7346491228070176 0.060382916053019146 0.021929824561403508
0 0.09572901325478644 0.7543859649122806 0.05596465390279823 0.04678362573099415
0 0.12592047128129602 0.7872807017543859 0.039764359351988215 0.04824561403508772
0 0.17746686303387335 0.41081871345029236 0.14285714285714285 0.09941520467836257