0 0.7948529411764705 0.5513211382113822 0.08676470588235294 0.017276422764227643
0 0.1602941176470588 0.8125000000000001 0.06470588235294117 0.025406504065040653
0 0.6242647058823529 0.5619918699186992 0.07794117647058824 0.026422764227642278
0 0.7272058823529411 0.9618902439024392 0.04852941176470588 0.013211382113821139
0 0.4161764705882353 0.9420731707317074 0.1323529411764706 0.02845528455284553
0 0.07426470588235294 0.48018292682926833 0.051470588235294115 0.015243902439024392
0 0.2213235294117647 0.9781504065040652 0.057352941176470586 0.017276422764227643
0 0.10073529411764706 0.4446138211382114 0.027941176470588233 0.04979674796747968
1 0.5669117647058823 0.9547764227642277 0.12794117647058822 0.04369918699186992
0 0.8602941176470588 0.7886178861788619 0.08823529411764705 0.030487804878048783
0 0.8529411764705882 0.8379065040650407 0.09705882352941177 0.03556910569105692