0 0.17820324005891017 0.695906432748538 0.08247422680412371 0.02631578947368421
0 0.6863033873343152 0.9042397660818713 0.053019145802650956 0.03070175438596491
0 0.25699558173784975 0.7609649122807017 0.07511045655375552 0.021929824561403508
0 0.6553755522827688 0.7119883040935672 0.053019145802650956 0.02631578947368421
0 0.7628865979381443 0.7997076023391813 0.07069219440353461 0.03216374269005848
0 0.6627393225331369 0.6323099415204678 0.09131075110456553 0.03070175438596491
0 0.3166421207658321 0.7346491228070176 0.047128129602356406 0.021929824561403508
0 0.31443298969072164 0.8355263157894737 0.0662739322533137 0.024853801169590642
0 0.2511045655375552 0.9744152046783625 0.054491899852724596 0.021929824561403508
0 0.7164948453608248 0.6769005847953216 0.07216494845360824 0.04093567251461988
1 0.3431516936671576 0.6900584795321637 0.14432989690721648 0.049707602339181284
0 0.14285714285714285 0.9568713450292398 0.047128129602356406 0.013157894736842105
0 0.0817378497790869 0.8362573099415205 0.039764359351988215 0.05263157894736842
0 0.7106038291605302 0.763157894736842 0.048600883652430045 0.02631578947368421
1 0.625920471281296 0.9385964912280701 0.05596465390279823 0.043859649122807015
1 0.2231222385861561 0.9188596491228069 0.045655375552282766 0.039473684210526314
0 0.1686303387334315 0.9327485380116959 0.036818851251840944 0.02631578947368421
0 0.1053019145802651 0.8245614035087718 0.039764359351988215 0.03508771929824561