0 0.8294117647058823 0.6915650406504066 0.07647058823529412 0.013211382113821139
0 0.7786764705882353 0.733739837398374 0.08088235294117647 0.02845528455284553
0 0.7286764705882353 0.7103658536585367 0.07205882352941176 0.012195121951219513
0 0.8485294117647059 0.6219512195121952 0.07352941176470588 0.012195121951219513
0 0.7220588235294118 0.6620934959349595 0.09117647058823529 0.021341463414634148
0 0.8066176470588236 0.654979674796748 0.060294117647058824 0.019308943089430895
0 0.8801470588235294 0.5863821138211383 0.04264705882352941 0.022357723577235776
0 0.7897058823529411 0.66869918699187 0.047058823529411764 0.014227642276422765
0 0.8595588235294117 0.6595528455284554 0.045588235294117645 0.01829268292682927
0 0.8720588235294118 0.6422764227642277 0.05 0.016260162601626018
0 0.8720588235294118 0.6402439024390244 0.058823529411764705 0.016260162601626018