0 0.2536764705882353 0.815548780487805 0.060294117647058824 0.021341463414634148
0 0.8610294117647058 0.9120934959349595 0.07205882352941176 0.025406504065040653
0 0.38676470588235295 0.8983739837398375 0.06764705882352941 0.014227642276422765
0 0.26029411764705884 0.9258130081300814 0.05 0.016260162601626018
0 0.4573529411764706 0.8689024390243903 0.08235294117647059 0.026422764227642278
0 0.23602941176470588 0.872459349593496 0.10735294117647058 0.02947154471544716
0 0.1963235294117647 0.9395325203252034 0.051470588235294115 0.013211382113821139
0 0.15073529411764705 0.7469512195121952 0.057352941176470586 0.020325203252032523
0 0.5676470588235294 0.801829268292683 0.06764705882352941 0.016260162601626018
0 0.5536764705882353 0.769308943089431 0.0661764705882353 0.01829268292682927
0 0.5595588235294118 0.9542682926829269 0.07205882352941176 0.020325203252032523
0 0.8654411764705883 0.6402439024390244 0.057352941176470586 0.04878048780487805
0 0.13602941176470587 0.8450203252032521 0.08970588235294118 0.03353658536585366
0 0.10588235294117647 0.6727642276422765 0.07941176470588235 0.022357723577235776
0 0.29411764705882354 0.6234756097560976 0.07352941176470588 0.04573170731707318
1 0.3213235294117647 0.9634146341463415 0.054411764705882354 0.024390243902439025