0 0.36524300441826213 0.9144736842105262 0.07952871870397643 0.024853801169590642
0 0.8608247422680412 0.6966374269005847 0.0662739322533137 0.039473684210526314
0 0.9278350515463918 0.625 0.07069219440353461 0.033625730994152045
0 0.3026509572901325 0.7112573099415205 0.07511045655375552 0.03070175438596491
0 0.16568483063328424 0.8728070175438596 0.10456553755522828 0.05555555555555555
0 0.6826215022091311 0.8808479532163742 0.07216494845360824 0.027777777777777776
0 0.6995581737849779 0.7807017543859649 0.09425625920471281 0.02631578947368421
0 0.12076583210603829 0.6995614035087719 0.06480117820324005 0.027777777777777776
0 0.21428571428571427 0.7010233918128654 0.060382916053019146 0.01608187134502924
0 0.2746686303387334 0.6403508771929824 0.0780559646539028 0.029239766081871343
0 0.1561119293078056 0.7697368421052632 0.05891016200294551 0.059941520467836254
0 0.93519882179676 0.4444444444444444 0.053019145802650956 0.05263157894736842
0 0.8843888070692194 0.21271929824561403 0.07511045655375552 0.04824561403508772
1 0.16789396170839468 0.929093567251462 0.1325478645066274 0.033625730994152045