0 0.7540500736377025 0.827485380116959 0.07363770250368189 0.03216374269005848
0 0.29970544918998526 0.9203216374269005 0.048600883652430045 0.019005847953216373
0 0.9153166421207658 0.9532163742690059 0.05743740795287187 0.017543859649122806
0 0.3203240058910162 0.8779239766081871 0.11929307805596465 0.04239766081871345
0 0.2349042709867452 0.9269005847953216 0.06332842415316642 0.02046783625730994
0 0.6553755522827688 0.8384502923976608 0.08247422680412371 0.03654970760233918
0 0.9086892488954345 0.8669590643274854 0.061855670103092786 0.029239766081871343
0 0.4462444771723122 0.6191520467836257 0.08247422680412371 0.03070175438596491
0 0.8217967599410898 0.962719298245614 0.047128129602356406 0.019005847953216373
0 0.14653902798232696 0.844298245614035 0.048600883652430045 0.054093567251461985
1 0.7025036818851251 0.7068713450292398 0.07363770250368189 0.12426900584795321
1 0.3203240058910162 0.14473684210526316 0.036818851251840944 0.029239766081871343
1 0.1840942562592047 0.8457602339181286 0.03829160530191458 0.027777777777777776
0 0.7290132547864506 0.9232456140350876 0.03829160530191458 0.024853801169590642
0 0.0817378497790869 0.8135964912280701 0.042709867452135494 0.03654970760233918
0 0.14727540500736377 0.915204678362573 0.032400589101620025 0.03216374269005848