0 0.8242647058823529 0.5685975609756098 0.09558823529411764 0.0233739837398374
0 0.16911764705882354 0.8363821138211383 0.05 0.016260162601626018
0 0.7014705882352941 0.8160569105691058 0.08823529411764705 0.016260162601626018
0 0.8308823529411764 0.8810975609756099 0.07352941176470588 0.014227642276422765
0 0.30220588235294116 0.9537601626016261 0.0838235294117647 0.025406504065040653
0 0.8007352941176471 0.5376016260162603 0.06911764705882353 0.020325203252032523
0 0.6433823529411765 0.7835365853658537 0.060294117647058824 0.012195121951219513
0 0.8676470588235294 0.546239837398374 0.047058823529411764 0.025406504065040653
0 0.8279411764705882 0.6880081300813009 0.055882352941176466 0.016260162601626018
0 0.6102941176470588 0.6717479674796749 0.10588235294117647 0.020325203252032523
0 0.6602941176470588 0.7256097560975611 0.08823529411764705 0.020325203252032523
0 0.7316176470588235 0.64989837398374 0.07794117647058824 0.015243902439024392
0 0.5963235294117647 0.7093495934959351 0.057352941176470586 0.014227642276422765
0 0.7419117647058824 0.6011178861788619 0.07205882352941176 0.019308943089430895
0 0.39191176470588235 0.951219512195122 0.0661764705882353 0.014227642276422765
0 0.7330882352941176 0.5833333333333334 0.07205882352941176 0.020325203252032523
0 0.7948529411764705 0.9400406504065042 0.04852941176470588 0.014227642276422765
0 0.7029411764705882 0.7901422764227644 0.047058823529411764 0.011178861788617888
0 0.7845588235294118 0.6986788617886179 0.0661764705882353 0.015243902439024392
0 0.8683823529411765 0.5071138211382115 0.12794117647058822 0.030487804878048783
0 0.8191176470588235 0.5005081300813009 0.044117647058823525 0.015243902439024392
0 0.899264705882353 0.5172764227642277 0.07205882352941176 0.024390243902439025
0 0.7014705882352941 0.9486788617886179 0.06470588235294117 0.019308943089430895
0 0.9286764705882353 0.5457317073170732 0.054411764705882354 0.020325203252032523