0 0.8136966126656848 0.8969298245614035 0.0662739322533137 0.019005847953216373
0 0.8600883652430044 0.8559941520467835 0.06774668630338733 0.019005847953216373
0 0.12002945508100148 0.8494152046783625 0.05154639175257732 0.017543859649122806
0 0.3755522827687776 0.9276315789473684 0.08541973490427099 0.03070175438596491
0 0.7459499263622975 0.9312865497076023 0.07216494845360824 0.03216374269005848
0 0.30338733431516934 0.9144736842105262 0.07363770250368189 0.033625730994152045
0 0.29381443298969073 0.8340643274853801 0.06332842415316642 0.019005847953216373
0 0.3475699558173785 0.8369883040935672 0.05891016200294551 0.021929824561403508
0 0.6509572901325479 0.9283625730994152 0.07363770250368189 0.03216374269005848
1 0.4948453608247423 0.9378654970760233 0.1296023564064801 0.03654970760233918
1 0.21649484536082475 0.9247076023391813 0.11782032400589101 0.03654970760233918