0 0.275 0.883638211382114 0.1323529411764706 0.02947154471544716
0 0.09852941176470588 0.40701219512195125 0.061764705882352944 0.015243902439024392
0 0.12279411764705882 0.44563008130081305 0.051470588235294115 0.011178861788617888
0 0.45955882352941174 0.9212398373983741 0.04852941176470588 0.019308943089430895
0 0.18823529411764706 0.3465447154471545 0.08823529411764705 0.022357723577235776
0 0.7477941176470588 0.9679878048780489 0.06323529411764706 0.017276422764227643
0 0.8544117647058823 0.8043699186991871 0.058823529411764705 0.013211382113821139
0 0.1125 0.42530487804878053 0.025 0.021341463414634148
0 0.2514705882352941 0.4283536585365854 0.052941176470588235 0.019308943089430895
1 0.14191176470588235 0.7510162601626017 0.030882352941176472 0.04471544715447155
1 0.6198529411764706 0.9354674796747968 0.13676470588235293 0.04166666666666667