0 0.48600883652430044 0.6783625730994152 0.07952871870397643 0.03216374269005848
0 0.1450662739322533 0.7054093567251462 0.0780559646539028 0.033625730994152045
0 0.40868924889543445 0.8866959064327485 0.08100147275405008 0.021929824561403508
0 0.3645066273932253 0.7894736842105263 0.07216494845360824 0.023391812865497075
0 0.26362297496318116 0.7748538011695906 0.07658321060382917 0.023391812865497075
0 0.8173784977908689 0.8099415204678362 0.050073637702503684 0.017543859649122806
0 0.23711340206185566 0.8238304093567251 0.07658321060382917 0.021929824561403508
0 0.6708394698085419 0.783625730994152 0.1134020618556701 0.03508771929824561
0 0.14653902798232696 0.9130116959064327 0.05154639175257732 0.021929824561403508
0 0.520618556701031 0.8823099415204678 0.07511045655375552 0.04239766081871345
0 0.5493372606774668 0.8011695906432748 0.10309278350515463 0.06140350877192982
1 0.1480117820324006 0.7909356725146198 0.036818851251840944 0.05263157894736842
1 0.0817378497790869 0.7938596491228069 0.033873343151693665 0.06725146198830409
1 0.6148748159057438 0.8925438596491228 0.06921944035346098 0.021929824561403508
1 0.08321060382916053 0.41666666666666663 0.06921944035346098 0.03216374269005848