0 0.17304860088365243 0.7748538011695906 0.054491899852724596 0.023391812865497075
0 0.4771723122238586 0.766812865497076 0.06480117820324005 0.01608187134502924
0 0.2547864506627393 0.7814327485380117 0.06480117820324005 0.03070175438596491
0 0.20544918998527245 0.8940058479532164 0.048600883652430045 0.013157894736842105
0 0.30927835051546393 0.8223684210526315 0.053019145802650956 0.024853801169590642
0 0.1914580265095729 0.9254385964912281 0.09425625920471281 0.03508771929824561
0 0.7231222385861561 0.7083333333333333 0.061855670103092786 0.027777777777777776
0 0.280559646539028 0.8296783625730993 0.1134020618556701 0.04239766081871345
0 0.11487481590574374 0.8676900584795321 0.017673048600883652 0.05701754385964912
0 0.14359351988217967 0.7097953216374269 0.033873343151693665 0.027777777777777776
0 0.14580265095729014 0.875 0.035346097201767304 0.03070175438596491
0 0.3689248895434462 0.9590643274853801 0.039764359351988215 0.03216374269005848
0 0.7776141384388807 0.1871345029239766 0.061855670103092786 0.023391812865497075
0 0.8026509572901326 0.16228070175438597 0.05891016200294551 0.02631578947368421