0 0.15735294117647058 0.8678861788617888 0.058823529411764705 0.024390243902439025
0 0.2786764705882353 0.8739837398373985 0.06323529411764706 0.014227642276422765
0 0.28823529411764703 0.598069105691057 0.06764705882352941 0.019308943089430895
0 0.4051470588235294 0.6778455284552847 0.07794117647058824 0.014227642276422765
0 0.2757352941176471 0.6371951219512196 0.07205882352941176 0.014227642276422765
0 0.40588235294117647 0.6178861788617886 0.047058823529411764 0.014227642276422765
0 0.3801470588235294 0.8948170731707318 0.075 0.015243902439024392
0 0.43529411764705883 0.8556910569105692 0.11176470588235293 0.03861788617886179
0 0.22720588235294117 0.6504065040650407 0.051470588235294115 0.014227642276422765
0 0.16470588235294117 0.9039634146341464 0.058823529411764705 0.0233739837398374
1 0.3051470588235294 0.9603658536585367 0.10441176470588236 0.022357723577235776
0 0.1536764705882353 0.3465447154471545 0.045588235294117645 0.030487804878048783
1 0.1514705882352941 0.4913617886178862 0.029411764705882353 0.02947154471544716
1 0.20588235294117646 0.5609756097560976 0.023529411764705882 0.026422764227642278
1 0.18676470588235294 0.6214430894308943 0.03823529411764706 0.03150406504065041