0 0.7852941176470588 0.728658536585366 0.10588235294117647 0.022357723577235776
0 0.1875 0.7784552845528456 0.10147058823529412 0.034552845528455285
0 0.7566176470588235 0.7942073170731708 0.0661764705882353 0.019308943089430895
0 0.40294117647058825 0.8851626016260163 0.06764705882352941 0.020325203252032523
1 0.42426470588235293 0.6285569105691058 0.15441176470588236 0.02947154471544716
0 0.3051470588235294 0.8185975609756099 0.07205882352941176 0.017276422764227643
0 0.4183823529411765 0.7169715447154472 0.06911764705882353 0.019308943089430895
0 0.33897058823529413 0.7698170731707318 0.06911764705882353 0.017276422764227643
0 0.6727941176470588 0.8932926829268294 0.075 0.022357723577235776
0 0.1676470588235294 0.9217479674796749 0.09117647058823529 0.020325203252032523
0 0.7801470588235294 0.9095528455284554 0.060294117647058824 0.020325203252032523
0 0.85 0.5813008130081302 0.044117647058823525 0.012195121951219513
0 0.549264705882353 0.7047764227642277 0.12205882352941176 0.0233739837398374
0 0.24411764705882352 0.6290650406504066 0.041176470588235294 0.014227642276422765
0 0.28161764705882353 0.6600609756097562 0.06911764705882353 0.017276422764227643
0 0.29705882352941176 0.7027439024390245 0.07647058823529412 0.013211382113821139
0 0.6036764705882353 0.6412601626016261 0.09264705882352942 0.022357723577235776
1 0.37279411764705883 0.6778455284552847 0.1161764705882353 0.024390243902439025
0 0.4036764705882353 0.9176829268292684 0.10147058823529412 0.020325203252032523
0 0.7191176470588235 0.8455284552845529 0.11764705882352941 0.03861788617886179
0 0.8933823529411764 0.9232723577235773 0.08088235294117647 0.025406504065040653
0 0.1338235294117647 0.8877032520325204 0.044117647058823525 0.03556910569105692
0 0.6051470588235294 0.9070121951219513 0.057352941176470586 0.027439024390243906
0 0.10882352941176471 0.6194105691056911 0.026470588235294117 0.02947154471544716
0 0.5176470588235293 0.9507113821138212 0.11176470588235293 0.0233739837398374
0 0.1875 0.8770325203252033 0.04264705882352941 0.014227642276422765
0 0.13161764705882353 0.5701219512195123 0.030882352941176472 0.034552845528455285
0 0.7330882352941176 0.9674796747967481 0.07794117647058824 0.020325203252032523
1 0.3161764705882353 0.9527439024390245 0.1264705882352941 0.025406504065040653
0 0.08823529411764705 0.8882113821138212 0.03529411764705882 0.010162601626016262
1 0.41323529411764703 0.9588414634146343 0.09117647058823529 0.025406504065040653
0 0.850735294117647 0.8257113821138212 0.03676470588235294 0.013211382113821139