0 0.7562592047128129 0.7894736842105263 0.07511045655375552 0.029239766081871343
0 0.18556701030927836 0.5387426900584795 0.05891016200294551 0.021929824561403508
0 0.6877761413843888 0.844298245614035 0.047128129602356406 0.01608187134502924
0 0.4948453608247423 0.7478070175438596 0.07069219440353461 0.019005847953216373
0 0.5493372606774668 0.8004385964912281 0.08247422680412371 0.03070175438596491
0 0.7142857142857143 0.695906432748538 0.07658321060382917 0.023391812865497075
0 0.11634756995581738 0.5986842105263157 0.05891016200294551 0.01608187134502924
0 0.5964653902798233 0.7478070175438596 0.07069219440353461 0.024853801169590642
0 0.15537555228276878 0.6286549707602339 0.07216494845360824 0.017543859649122806
0 0.7511045655375552 0.8530701754385964 0.050073637702503684 0.019005847953216373
1 0.3858615611192931 0.6966374269005847 0.07952871870397643 0.04532163742690058
0 0.12444771723122239 0.527046783625731 0.030927835051546393 0.04239766081871345
0 0.11266568483063329 0.5716374269005847 0.030927835051546393 0.029239766081871343
0 0.1767304860088365 0.5942982456140351 0.029455081001472753 0.03654970760233918
0 0.14580265095729014 0.7828947368421052 0.04418262150220913 0.03654970760233918
0 0.8122238586156112 0.8618421052631579 0.06921944035346098 0.024853801169590642