0 0.7566176470588235 0.7022357723577236 0.057352941176470586 0.016260162601626018
0 0.8014705882352942 0.7733739837398375 0.06764705882352941 0.026422764227642278
0 0.17573529411764705 0.603658536585366 0.09558823529411764 0.024390243902439025
0 0.13308823529411765 0.421239837398374 0.06911764705882353 0.021341463414634148
0 0.6867647058823529 0.8582317073170732 0.13529411764705881 0.037601626016260166
0 0.9264705882352942 0.5625000000000001 0.07352941176470588 0.03150406504065041
0 0.45441176470588235 0.6600609756097562 0.11764705882352941 0.03353658536585366
0 0.13161764705882353 0.9679878048780489 0.07794117647058824 0.015243902439024392
0 0.46911764705882353 0.6565040650406505 0.07647058823529412 0.022357723577235776
0 0.1338235294117647 0.47205284552845533 0.03823529411764706 0.047764227642276426
1 0.20294117647058824 0.5452235772357724 0.041176470588235294 0.03963414634146342