0 0.12279411764705882 0.5685975609756098 0.057352941176470586 0.021341463414634148
0 0.125 0.7738821138211383 0.06764705882352941 0.011178861788617888
0 0.5595588235294118 0.8267276422764228 0.11323529411764706 0.04166666666666667
0 0.1375 0.60619918699187 0.054411764705882354 0.017276422764227643
0 0.43161764705882355 0.872459349593496 0.051470588235294115 0.013211382113821139
0 0.7426470588235294 0.9532520325203253 0.055882352941176466 0.014227642276422765
0 0.19338235294117648 0.6260162601626017 0.060294117647058824 0.024390243902439025
0 0.42867647058823527 0.6814024390243903 0.057352941176470586 0.015243902439024392
1 0.2036764705882353 0.6544715447154472 0.04264705882352941 0.030487804878048783
0 0.09926470588235294 0.5955284552845529 0.033823529411764704 0.022357723577235776
0 0.2676470588235294 0.96239837398374 0.07647058823529412 0.030487804878048783