0 0.3438880706921944 0.7894736842105263 0.101620029455081 0.02631578947368421
0 0.2849779086892489 0.9276315789473684 0.05154639175257732 0.01608187134502924
0 0.1715758468335788 0.8903508771929824 0.05154639175257732 0.02046783625730994
0 0.8667157584683358 0.8435672514619883 0.0662739322533137 0.023391812865497075
0 0.8770250368188512 0.7039473684210525 0.05743740795287187 0.03070175438596491
0 0.3600883652430044 0.85453216374269 0.07216494845360824 0.019005847953216373
0 0.5891016200294551 0.7258771929824561 0.061855670103092786 0.039473684210526314
0 0.6796759941089838 0.6513157894736842 0.12223858615611193 0.059941520467836254
0 0.6362297496318114 0.7850877192982456 0.07363770250368189 0.023391812865497075
1 0.11487481590574374 0.5745614035087719 0.032400589101620025 0.06432748538011696
1 0.09867452135493372 0.05555555555555555 0.029455081001472753 0.05847953216374269
1 0.414580265095729 0.9685672514619883 0.1723122238586156 0.04824561403508772