0 0.7768777614138439 0.783625730994152 0.08394698085419734 0.029239766081871343
0 0.1723122238586156 0.9312865497076023 0.06774668630338733 0.02631578947368421
0 0.8387334315169367 0.9327485380116959 0.06921944035346098 0.02046783625730994
0 0.6767304860088366 0.9364035087719298 0.060382916053019146 0.019005847953216373
0 0.2695139911634757 0.6206140350877193 0.08247422680412371 0.024853801169590642
0 0.6627393225331369 0.8574561403508771 0.061855670103092786 0.03070175438596491
0 0.09499263622974963 0.6527777777777778 0.05154639175257732 0.021929824561403508
0 0.788659793814433 0.8333333333333333 0.07511045655375552 0.029239766081871343
0 0.1605301914580265 0.6571637426900584 0.041237113402061855 0.021929824561403508
0 0.10456553755522828 0.5577485380116959 0.06480117820324005 0.14473684210526316
0 0.7650957290132547 0.8486842105263157 0.07511045655375552 0.027777777777777776