0 0.25441176470588234 0.6326219512195123 0.061764705882352944 0.013211382113821139
0 0.8132352941176471 0.8673780487804879 0.07058823529411765 0.021341463414634148
0 0.2411764705882353 0.77489837398374 0.07647058823529412 0.013211382113821139
0 0.7330882352941176 0.8607723577235773 0.07794117647058824 0.016260162601626018
0 0.7911764705882353 0.916158536585366 0.11764705882352941 0.025406504065040653
0 0.8301470588235293 0.7688008130081302 0.07205882352941176 0.019308943089430895
0 0.3514705882352941 0.9115853658536587 0.13529411764705881 0.032520325203252036
0 0.09632352941176471 0.8389227642276423 0.054411764705882354 0.021341463414634148
0 0.21691176470588236 0.9441056910569107 0.06911764705882353 0.022357723577235776
0 0.775 0.7977642276422765 0.05 0.012195121951219513
0 0.13161764705882353 0.753048780487805 0.030882352941176472 0.032520325203252036
0 0.21911764705882353 0.9247967479674798 0.044117647058823525 0.020325203252032523
0 0.8316176470588236 0.7906504065040652 0.06911764705882353 0.020325203252032523
0 0.20808823529411766 0.8363821138211383 0.039705882352941174 0.020325203252032523