0 0.8433823529411765 0.8765243902439025 0.08088235294117647 0.017276422764227643
0 0.2161764705882353 0.6011178861788619 0.07647058823529412 0.025406504065040653
0 0.1602941176470588 0.7764227642276423 0.052941176470588235 0.014227642276422765
0 0.3301470588235294 0.49288617886178865 0.06911764705882353 0.020325203252032523
0 0.8661764705882353 0.7947154471544716 0.05 0.014227642276422765
0 0.6514705882352941 0.5487804878048781 0.07647058823529412 0.014227642276422765
0 0.13676470588235293 0.9237804878048781 0.052941176470588235 0.014227642276422765
0 0.21176470588235294 0.8384146341463415 0.14411764705882352 0.030487804878048783
0 0.6860294117647059 0.9471544715447155 0.04852941176470588 0.012195121951219513
0 0.8801470588235294 0.9080284552845529 0.057352941176470586 0.019308943089430895
1 0.28161764705882353 0.9507113821138212 0.13676470588235293 0.04979674796747968
1 0.6911764705882353 0.5121951219512195 0.16176470588235295 0.03658536585365854