0 0.7823529411764706 0.66869918699187 0.06764705882352941 0.01829268292682927
0 0.8227941176470588 0.6046747967479675 0.0838235294117647 0.016260162601626018
0 0.2838235294117647 0.8800813008130082 0.08235294117647059 0.024390243902439025
0 0.9125 0.49593495934959353 0.060294117647058824 0.016260162601626018
0 0.6044117647058823 0.42530487804878053 0.058823529411764705 0.015243902439024392
0 0.6948529411764706 0.9110772357723578 0.1161764705882353 0.027439024390243906
1 0.44705882352941173 0.7494918699186993 0.15 0.03150406504065041
0 0.6257352941176471 0.8348577235772359 0.0838235294117647 0.0233739837398374
0 0.6852941176470588 0.5965447154471545 0.07941176470588235 0.02845528455284553
0 0.9360294117647059 0.6158536585365855 0.045588235294117645 0.026422764227642278
1 0.34044117647058825 0.8160569105691058 0.14852941176470588 0.034552845528455285
0 0.27352941176470585 0.7134146341463415 0.07647058823529412 0.016260162601626018
1 0.26176470588235295 0.7449186991869919 0.18529411764705883 0.04471544715447155
0 0.14558823529411766 0.8084349593495935 0.11176470588235293 0.05182926829268293
0 0.1786764705882353 0.9258130081300814 0.13088235294117648 0.034552845528455285
0 0.1463235294117647 0.8963414634146343 0.10735294117647058 0.030487804878048783
0 0.22573529411764706 0.9690040650406505 0.10441176470588236 0.025406504065040653
0 0.12058823529411765 0.8602642276422765 0.10588235294117647 0.03353658536585366
0 0.0713235294117647 0.529979674796748 0.04264705882352941 0.07825203252032521
0 0.17794117647058824 0.7926829268292683 0.058823529411764705 0.01829268292682927