0 0.7507352941176471 0.5147357723577236 0.0661764705882353 0.017276422764227643
0 0.8139705882352941 0.5401422764227642 0.07205882352941176 0.017276422764227643
0 0.8073529411764706 0.47713414634146345 0.052941176470588235 0.015243902439024392
0 0.8647058823529412 0.7886178861788619 0.058823529411764705 0.012195121951219513
0 0.8779411764705882 0.3246951219512195 0.07058823529411765 0.015243902439024392
0 0.6507352941176471 0.4420731707317074 0.08970588235294118 0.020325203252032523
0 0.8676470588235294 0.5035569105691058 0.08235294117647059 0.027439024390243906
0 0.6992647058823529 0.7764227642276423 0.06323529411764706 0.014227642276422765
0 0.13308823529411765 0.8785569105691058 0.07205882352941176 0.0233739837398374
0 0.5191176470588236 0.8744918699186993 0.07058823529411765 0.017276422764227643
0 0.8845588235294117 0.7169715447154472 0.07205882352941176 0.019308943089430895
0 0.8455882352941176 0.3765243902439025 0.05 0.03150406504065041
0 0.875 0.5315040650406505 0.061764705882352944 0.01829268292682927
0 0.14044117647058824 0.9324186991869919 0.060294117647058824 0.019308943089430895
0 0.6772058823529412 0.7378048780487806 0.08970588235294118 0.030487804878048783
1 0.2610294117647059 0.7901422764227644 0.09852941176470588 0.04979674796747968
0 0.9110294117647059 0.6971544715447155 0.06911764705882353 0.016260162601626018
0 0.9397058823529412 0.5213414634146342 0.044117647058823525 0.01829268292682927
0 0.12352941176470589 0.9496951219512196 0.07058823529411765 0.021341463414634148
0 0.375 0.9400406504065042 0.13529411764705881 0.02845528455284553
0 0.2647058823529412 0.861788617886179 0.09705882352941177 0.01829268292682927
0 0.7485294117647059 0.8048780487804879 0.1264705882352941 0.026422764227642278
0 0.11838235294117647 0.8130081300813009 0.025 0.0467479674796748
0 0.2889705882352941 0.7403455284552847 0.07794117647058824 0.017276422764227643
0 0.09485294117647058 0.8526422764227644 0.03676470588235294 0.020325203252032523
0 0.8235294117647058 0.9502032520325204 0.052941176470588235 0.01829268292682927
1 0.2933823529411765 0.8932926829268294 0.09558823529411764 0.020325203252032523
0 0.15073529411764705 0.6702235772357724 0.03676470588235294 0.021341463414634148
1 0.3551470588235294 0.7962398373983741 0.075 0.04166666666666667
0 0.2838235294117647 0.9141260162601627 0.06764705882352941 0.019308943089430895