0 0.7727941176470589 0.6173780487804879 0.07205882352941176 0.015243902439024392
0 0.8713235294117647 0.48018292682926833 0.08970588235294118 0.019308943089430895
0 0.16691176470588234 0.711890243902439 0.057352941176470586 0.015243902439024392
0 0.09852941176470588 0.5162601626016261 0.06764705882352941 0.014227642276422765
0 0.8102941176470588 0.9344512195121952 0.09411764705882353 0.027439024390243906
0 0.7294117647058823 0.7184959349593497 0.08823529411764705 0.016260162601626018
0 0.7227941176470588 0.8495934959349595 0.051470588235294115 0.012195121951219513
0 0.1676470588235294 0.3897357723577236 0.07352941176470588 0.019308943089430895
0 0.10367647058823529 0.799288617886179 0.057352941176470586 0.0233739837398374
0 0.3477941176470588 0.9715447154471546 0.08676470588235294 0.020325203252032523
0 0.19705882352941176 0.9319105691056911 0.11764705882352941 0.02845528455284553
0 0.7779411764705882 0.4751016260162602 0.06764705882352941 0.013211382113821139
0 0.9117647058823529 0.91869918699187 0.05 0.014227642276422765
1 0.3529411764705882 0.8607723577235773 0.29411764705882354 0.05487804878048781
1 0.4632352941176471 0.9263211382113822 0.12352941176470589 0.027439024390243906
0 0.11764705882352941 0.8323170731707318 0.03529411764705882 0.022357723577235776
0 0.21911764705882353 0.9573170731707318 0.12352941176470589 0.034552845528455285