0 0.18823529411764706 0.7916666666666667 0.09411764705882353 0.020325203252032523
0 0.7058823529411764 0.8744918699186993 0.052941176470588235 0.013211382113821139
0 0.7169117647058824 0.8983739837398375 0.060294117647058824 0.014227642276422765
0 0.3558823529411765 0.7195121951219513 0.07352941176470588 0.022357723577235776
0 0.7183823529411765 0.33892276422764234 0.0838235294117647 0.015243902439024392
0 0.23088235294117646 0.8963414634146343 0.2 0.03861788617886179
0 0.5779411764705882 0.7093495934959351 0.05 0.022357723577235776
0 0.1602941176470588 0.9690040650406505 0.06470588235294117 0.015243902439024392
0 0.13308823529411765 0.9354674796747968 0.0661764705882353 0.0233739837398374
0 0.8514705882352941 0.9065040650406505 0.055882352941176466 0.01829268292682927
0 0.6867647058823529 0.28455284552845533 0.08823529411764705 0.024390243902439025