0 0.8198529411764706 0.5182926829268293 0.06911764705882353 0.016260162601626018
0 0.6639705882352941 0.8404471544715448 0.125 0.024390243902439025
0 0.8147058823529412 0.6473577235772359 0.07352941176470588 0.01829268292682927
0 0.6529411764705882 0.9176829268292684 0.10882352941176471 0.022357723577235776
0 0.7448529411764706 0.671239837398374 0.0661764705882353 0.017276422764227643
0 0.22058823529411764 0.7586382113821138 0.1 0.037601626016260166
0 0.6088235294117647 0.586890243902439 0.07352941176470588 0.019308943089430895
0 0.8779411764705882 0.3694105691056911 0.055882352941176466 0.019308943089430895
0 0.6823529411764706 0.5797764227642277 0.07941176470588235 0.021341463414634148
0 0.9198529411764705 0.5330284552845529 0.054411764705882354 0.011178861788617888
1 0.513235294117647 0.7682926829268294 0.16470588235294117 0.034552845528455285
0 0.3801470588235294 0.9258130081300814 0.16911764705882354 0.042682926829268296
0 0.08161764705882353 0.5391260162601627 0.051470588235294115 0.021341463414634148
0 0.1875 0.5965447154471545 0.060294117647058824 0.03658536585365854
0 0.5595588235294118 0.48983739837398377 0.09558823529411764 0.020325203252032523
0 0.7852941176470588 0.9247967479674798 0.06764705882352941 0.026422764227642278
1 0.5205882352941177 0.5167682926829269 0.1323529411764706 0.025406504065040653
1 0.525 0.9481707317073171 0.11764705882352941 0.030487804878048783
0 0.8735294117647059 0.576219512195122 0.05 0.014227642276422765