0 0.7054491899852724 0.9349415204678362 0.05596465390279823 0.01608187134502924
0 0.29528718703976436 0.6695906432748537 0.06921944035346098 0.023391812865497075
0 0.32621502209131076 0.8165204678362573 0.054491899852724596 0.024853801169590642
0 0.6384388807069219 0.8940058479532164 0.09572901325478644 0.024853801169590642
0 0.5265095729013255 0.7390350877192982 0.06332842415316642 0.01608187134502924
0 0.38144329896907214 0.7266081871345029 0.07658321060382917 0.02046783625730994
0 0.4528718703976436 0.8326023391812865 0.06921944035346098 0.021929824561403508
0 0.7407952871870398 0.8845029239766081 0.05891016200294551 0.02046783625730994
0 0.7731958762886598 0.9415204678362572 0.047128129602356406 0.02046783625730994
0 0.23711340206185566 0.9254385964912281 0.07069219440353461 0.017543859649122806
0 0.33136966126656847 0.9269005847953216 0.07658321060382917 0.02631578947368421
0 0.7967599410898379 0.9451754385964912 0.10014727540500737 0.039473684210526314
0 0.5316642120765832 0.8976608187134503 0.050073637702503684 0.02046783625730994
0 0.2695139911634757 0.956140350877193 0.047128129602356406 0.017543859649122806
0 0.5544918998527246 0.8238304093567251 0.07511045655375552 0.027777777777777776
0 0.11119293078055964 0.5109649122807017 0.054491899852724596 0.0804093567251462