0 0.18041237113402062 0.7660818713450293 0.05743740795287187 0.017543859649122806
0 0.15979381443298968 0.8347953216374269 0.060382916053019146 0.023391812865497075
0 0.44992636229749633 0.7375730994152047 0.08394698085419734 0.039473684210526314
0 0.1480117820324006 0.8991228070175438 0.054491899852724596 0.03216374269005848
0 0.7326951399116347 0.9100877192982456 0.060382916053019146 0.019005847953216373
1 0.5007363770250368 0.9078947368421052 0.10898379970544919 0.04678362573099415
1 0.35714285714285715 0.6527777777777778 0.1723122238586156 0.059941520467836254
0 0.3225331369661267 0.8735380116959064 0.08247422680412371 0.03654970760233918
1 0.3490427098674521 0.9619883040935672 0.050073637702503684 0.029239766081871343
1 0.2893961708394698 0.9137426900584795 0.06332842415316642 0.029239766081871343
0 0.06553755522827688 0.8216374269005847 0.022091310751104563 0.06432748538011696