0 0.6502209131075111 0.8201754385964912 0.06332842415316642 0.017543859649122806
0 0.7304860088365243 0.8771929824561403 0.08836524300441825 0.029239766081871343
0 0.2768777614138439 0.8940058479532164 0.047128129602356406 0.021929824561403508
0 0.47496318114874814 0.9283625730994152 0.0780559646539028 0.02631578947368421
0 0.1369661266568483 0.8574561403508771 0.053019145802650956 0.019005847953216373
0 0.23343151693667158 0.844298245614035 0.05743740795287187 0.019005847953216373
0 0.7938144329896907 0.8048245614035088 0.06774668630338733 0.019005847953216373
0 0.19661266568483063 0.9554093567251462 0.045655375552282766 0.01608187134502924
0 0.7061855670103092 0.9254385964912281 0.05154639175257732 0.014619883040935672
0 0.43519882179675995 0.8596491228070176 0.08394698085419734 0.03508771929824561
0 0.32621502209131076 0.7068713450292398 0.07216494845360824 0.03070175438596491
0 0.09204712812960235 0.06652046783625731 0.027982326951399114 0.054093567251461985
1 0.20913107511045656 0.9298245614035088 0.041237113402061855 0.043859649122807015
1 0.13991163475699558 0.9327485380116959 0.032400589101620025 0.03508771929824561