0 0.24889543446244478 0.7580409356725146 0.050073637702503684 0.03070175438596491
0 0.1251840942562592 0.614766081871345 0.06774668630338733 0.033625730994152045
0 0.10309278350515463 0.8691520467836257 0.07069219440353461 0.024853801169590642
0 0.6921944035346097 0.8574561403508771 0.07363770250368189 0.024853801169590642
0 0.6885125184094256 0.8998538011695906 0.0898379970544919 0.027777777777777776
0 0.37260677466863035 0.5921052631578947 0.07952871870397643 0.03216374269005848
0 0.31885125184094254 0.6937134502923976 0.05743740795287187 0.03070175438596491
0 0.41973490427098675 0.9429824561403508 0.061855670103092786 0.02631578947368421
0 0.10235640648011782 0.8143274853801169 0.054491899852724596 0.02631578947368421
0 0.0861561119293078 0.47295321637426896 0.025036818851251842 0.054093567251461985
0 0.3085419734904271 0.48684210526315785 0.0662739322533137 0.038011695906432746
0 0.2650957290132548 0.533625730994152 0.053019145802650956 0.02631578947368421