0 0.7720588235294118 0.872459349593496 0.08235294117647059 0.017276422764227643
0 0.8558823529411764 0.9181910569105692 0.06764705882352941 0.025406504065040653
0 0.16911764705882354 0.6915650406504066 0.09411764705882353 0.015243902439024392
1 0.6264705882352941 0.9207317073170733 0.1264705882352941 0.02845528455284553
0 0.7441176470588236 0.8328252032520326 0.07647058823529412 0.017276422764227643
0 0.8294117647058823 0.7876016260162603 0.07058823529411765 0.016260162601626018
0 0.7191176470588235 0.9547764227642277 0.07647058823529412 0.03353658536585366
0 0.47941176470588237 0.9263211382113822 0.06764705882352941 0.025406504065040653
0 0.08970588235294118 0.5248983739837398 0.044117647058823525 0.05182926829268293
0 0.8610294117647058 0.894308943089431 0.060294117647058824 0.02845528455284553
0 0.7919117647058823 0.9557926829268294 0.054411764705882354 0.02947154471544716