0 0.5375 0.32063008130081305 0.057352941176470586 0.015243902439024392
0 0.6683823529411764 0.9339430894308944 0.07794117647058824 0.01829268292682927
0 0.32941176470588235 0.46392276422764234 0.058823529411764705 0.013211382113821139
0 0.7051470588235293 0.350609756097561 0.0661764705882353 0.012195121951219513
0 0.8125 0.9369918699186993 0.10147058823529412 0.020325203252032523
0 0.2088235294117647 0.9232723577235773 0.055882352941176466 0.025406504065040653
0 0.8536764705882353 0.8932926829268294 0.07205882352941176 0.014227642276422765
0 0.2926470588235294 0.3897357723577236 0.052941176470588235 0.019308943089430895
0 0.8602941176470588 0.8653455284552847 0.07647058823529412 0.015243902439024392
0 0.26544117647058824 0.35518292682926833 0.054411764705882354 0.011178861788617888
0 0.5544117647058824 0.8495934959349595 0.058823529411764705 0.016260162601626018
0 0.37941176470588234 0.3973577235772358 0.07941176470588235 0.020325203252032523
0 0.5573529411764706 0.43495934959349597 0.1411764705882353 0.02845528455284553
0 0.6544117647058824 0.31605691056910573 0.08823529411764705 0.022357723577235776
0 0.7647058823529411 0.38668699186991873 0.055882352941176466 0.027439024390243906
1 0.4227941176470588 0.9217479674796749 0.1602941176470588 0.04471544715447155
0 0.2536764705882353 0.6651422764227642 0.08970588235294118 0.0233739837398374
0 0.18676470588235294 0.5787601626016261 0.07941176470588235 0.021341463414634148
0 0.11985294117647059 0.5757113821138212 0.027941176470588233 0.0233739837398374
0 0.08455882352941177 0.5894308943089431 0.03676470588235294 0.04065040650406505
0 0.8485294117647059 0.9669715447154472 0.058823529411764705 0.019308943089430895