0 0.7669117647058823 0.8475609756097562 0.07205882352941176 0.014227642276422765
0 0.2529411764705882 0.7952235772357724 0.06470588235294117 0.015243902439024392
0 0.17352941176470588 0.7779471544715448 0.05 0.019308943089430895
0 0.7433823529411765 0.8922764227642277 0.060294117647058824 0.014227642276422765
0 0.8801470588235294 0.7144308943089431 0.07794117647058824 0.020325203252032523
0 0.725 0.801829268292683 0.07941176470588235 0.01829268292682927
0 0.22426470588235295 0.8638211382113822 0.06323529411764706 0.016260162601626018
0 0.28823529411764703 0.8363821138211383 0.06764705882352941 0.022357723577235776
0 0.13455882352941176 0.695630081300813 0.11323529411764706 0.02947154471544716
0 0.20588235294117646 0.6112804878048781 0.08529411764705883 0.02947154471544716
0 0.1698529411764706 0.7266260162601627 0.10441176470588236 0.032520325203252036
0 0.2610294117647059 0.6910569105691058 0.057352941176470586 0.014227642276422765
0 0.3911764705882353 0.7728658536585367 0.07941176470588235 0.017276422764227643
0 0.23970588235294119 0.9181910569105692 0.058823529411764705 0.03150406504065041
1 0.41470588235294115 0.8551829268292683 0.14705882352941177 0.04369918699186992
0 0.2727941176470588 0.7611788617886179 0.11323529411764706 0.020325203252032523
0 0.30808823529411766 0.9725609756097562 0.1161764705882353 0.024390243902439025
0 0.2125 0.826219512195122 0.03676470588235294 0.012195121951219513
0 0.10735294117647058 0.7967479674796749 0.055882352941176466 0.02845528455284553
0 0.9360294117647059 0.4552845528455285 0.01911764705882353 0.016260162601626018
0 0.3941176470588235 0.5121951219512195 0.03529411764705882 0.008130081300813009
1 0.3720588235294118 0.9552845528455286 0.12352941176470589 0.04065040650406505