0 0.7875 0.693089430894309 0.075 0.012195121951219513
0 0.11397058823529412 0.894308943089431 0.06911764705882353 0.020325203252032523
0 0.8375 0.6697154471544716 0.10735294117647058 0.024390243902439025
0 0.7794117647058824 0.6117886178861789 0.10294117647058823 0.024390243902439025
0 0.38529411764705884 0.9283536585365855 0.055882352941176466 0.015243902439024392
0 0.8705882352941177 0.6189024390243903 0.06470588235294117 0.014227642276422765
0 0.2786764705882353 0.9507113821138212 0.075 0.017276422764227643
0 0.16397058823529412 0.6697154471544716 0.057352941176470586 0.014227642276422765
0 0.5904411764705882 0.6107723577235773 0.045588235294117645 0.01829268292682927
0 0.09338235294117647 0.801829268292683 0.04852941176470588 0.014227642276422765
0 0.0875 0.4827235772357724 0.051470588235294115 0.022357723577235776
0 0.26838235294117646 0.9034552845528456 0.09852941176470588 0.026422764227642278
0 0.09191176470588235 0.8343495934959351 0.057352941176470586 0.014227642276422765
0 0.19117647058823528 0.8841463414634148 0.08529411764705883 0.026422764227642278
0 0.10220588235294117 0.5269308943089431 0.060294117647058824 0.03556910569105692