0 0.8522058823529411 0.777439024390244 0.057352941176470586 0.014227642276422765
0 0.2338235294117647 0.7708333333333334 0.07941176470588235 0.015243902439024392
0 0.09558823529411764 0.8744918699186993 0.061764705882352944 0.019308943089430895
0 0.10294117647058823 0.49593495934959353 0.07352941176470588 0.024390243902439025
0 0.6404411764705882 0.8892276422764228 0.054411764705882354 0.014227642276422765
0 0.8147058823529412 0.9344512195121952 0.06764705882352941 0.013211382113821139
0 0.2875 0.9618902439024392 0.07205882352941176 0.017276422764227643
0 0.31985294117647056 0.9222560975609757 0.06323529411764706 0.021341463414634148
0 0.4970588235294118 0.9029471544715448 0.07058823529411765 0.0233739837398374
0 0.2838235294117647 0.47916666666666674 0.047058823529411764 0.017276422764227643
0 0.5882352941176471 0.9481707317073171 0.061764705882352944 0.014227642276422765
0 0.8779411764705882 0.8877032520325204 0.055882352941176466 0.015243902439024392
0 0.8433823529411765 0.9019308943089431 0.04852941176470588 0.019308943089430895
0 0.9147058823529411 0.8673780487804879 0.058823529411764705 0.017276422764227643
0 0.8683823529411765 0.9192073170731708 0.04852941176470588 0.017276422764227643