0 0.6406480117820323 0.8669590643274854 0.053019145802650956 0.02046783625730994
0 0.8954344624447717 0.8684210526315789 0.06480117820324005 0.02046783625730994
0 0.7952871870397643 0.8333333333333333 0.061855670103092786 0.03216374269005848
0 0.7525773195876289 0.9217836257309941 0.061855670103092786 0.019005847953216373
0 0.29381443298969073 0.6593567251461988 0.0662739322533137 0.023391812865497075
0 0.3681885125184094 0.6176900584795322 0.05596465390279823 0.019005847953216373
0 0.1332842415316642 0.8896198830409356 0.05154639175257732 0.021929824561403508
0 0.5861561119293078 0.8874269005847952 0.053019145802650956 0.017543859649122806
0 0.09499263622974963 0.7412280701754386 0.0662739322533137 0.029239766081871343
0 0.8807069219440353 0.7763157894736842 0.08247422680412371 0.029239766081871343
0 0.7916053019145802 0.85453216374269 0.0662739322533137 0.04239766081871345
0 0.22459499263622976 0.888157894736842 0.08394698085419734 0.03070175438596491
0 0.5500736377025037 0.8581871345029239 0.045655375552282766 0.014619883040935672
0 0.5235640648011782 0.9312865497076023 0.0780559646539028 0.023391812865497075
0 0.10677466863033873 0.527046783625731 0.022091310751104563 0.04532163742690058
0 0.8961708394698086 0.8048245614035088 0.06921944035346098 0.039473684210526314
0 0.10603829160530191 0.9342105263157894 0.053019145802650956 0.04093567251461988