0 0.19734904270986744 0.7419590643274854 0.05596465390279823 0.024853801169590642
0 0.7614138438880707 0.6074561403508771 0.06480117820324005 0.019005847953216373
0 0.7179675994108984 0.5372807017543859 0.060382916053019146 0.03070175438596491
0 0.821060382916053 0.8121345029239766 0.08689248895434462 0.027777777777777776
0 0.49852724594992637 0.9159356725146198 0.08100147275405008 0.021929824561403508
0 0.2820324005891016 0.8589181286549707 0.0780559646539028 0.024853801169590642
0 0.07731958762886598 0.827485380116959 0.05743740795287187 0.023391812865497075
0 0.10751104565537555 0.7748538011695906 0.06480117820324005 0.04093567251461988
0 0.35714285714285715 0.9714912280701754 0.06332842415316642 0.027777777777777776
0 0.6782032400589102 0.48391812865497075 0.08100147275405008 0.03216374269005848
0 0.9013254786450663 0.3684210526315789 0.06480117820324005 0.049707602339181284
0 0.9432989690721649 0.2894736842105263 0.030927835051546393 0.029239766081871343
0 0.24153166421207659 0.7748538011695906 0.032400589101620025 0.023391812865497075
0 0.26362297496318116 0.9181286549707601 0.035346097201767304 0.023391812865497075