0 0.7260677466863034 0.8845029239766081 0.07952871870397643 0.03216374269005848
0 0.1053019145802651 0.7690058479532164 0.05154639175257732 0.02631578947368421
0 0.8122238586156112 0.8728070175438596 0.048600883652430045 0.017543859649122806
0 0.8961708394698086 0.8633040935672515 0.054491899852724596 0.024853801169590642
0 0.8144329896907216 0.9393274853801169 0.06774668630338733 0.033625730994152045
0 0.1480117820324006 0.8428362573099415 0.08100147275405008 0.05116959064327485
0 0.8114874815905744 0.7748538011695906 0.08247422680412371 0.02631578947368421
0 0.8188512518409425 0.7207602339181286 0.061855670103092786 0.02046783625730994
0 0.801178203240059 0.054093567251461985 0.053019145802650956 0.04093567251461988
0 0.8578792341678939 0.7353801169590642 0.11045655375552282 0.04093567251461988
0 0.8924889543446244 0.7909356725146198 0.07658321060382917 0.038011695906432746
0 0.9057437407952872 0.7536549707602339 0.05891016200294551 0.027777777777777776
0 0.7842415316642121 0.7595029239766081 0.039764359351988215 0.024853801169590642