0 0.3 0.9517276422764228 0.052941176470588235 0.015243902439024392
0 0.24485294117647058 0.7108739837398375 0.075 0.0233739837398374
0 0.36911764705882355 0.6458333333333334 0.07647058823529412 0.015243902439024392
0 0.16544117647058823 0.8008130081300814 0.06911764705882353 0.020325203252032523
0 0.3654411764705882 0.5594512195121952 0.06323529411764706 0.017276422764227643
0 0.6272058823529412 0.7784552845528456 0.060294117647058824 0.01829268292682927
0 0.30808823529411766 0.883638211382114 0.06323529411764706 0.013211382113821139
0 0.4676470588235294 0.6214430894308943 0.061764705882352944 0.019308943089430895
0 0.4323529411764706 0.7835365853658537 0.12058823529411765 0.042682926829268296
0 0.8419117647058824 0.9176829268292684 0.054411764705882354 0.014227642276422765
0 0.11911764705882352 0.701219512195122 0.044117647058823525 0.032520325203252036
0 0.2661764705882353 0.8958333333333335 0.06470588235294117 0.0233739837398374