0 0.7816176470588235 0.7190040650406505 0.06323529411764706 0.021341463414634148
0 0.7794117647058824 0.9009146341463415 0.08529411764705883 0.019308943089430895
0 0.25735294117647056 0.9171747967479675 0.08529411764705883 0.03556910569105692
0 0.8463235294117647 0.7210365853658537 0.0661764705882353 0.021341463414634148
0 0.8654411764705883 0.8871951219512196 0.051470588235294115 0.020325203252032523
0 0.2536764705882353 0.5167682926829269 0.054411764705882354 0.013211382113821139
0 0.7198529411764706 0.728658536585366 0.060294117647058824 0.020325203252032523
0 0.8132352941176471 0.79369918699187 0.07647058823529412 0.01829268292682927
0 0.10073529411764706 0.8658536585365855 0.07794117647058824 0.026422764227642278
0 0.8595588235294117 0.7865853658536586 0.057352941176470586 0.014227642276422765
0 0.32941176470588235 0.7159552845528456 0.052941176470588235 0.0233739837398374