0 0.2150220913107511 0.8501461988304093 0.050073637702503684 0.03070175438596491
0 0.16200294550810015 0.7543859649122806 0.07952871870397643 0.02631578947368421
0 0.304860088365243 0.9320175438596491 0.053019145802650956 0.021929824561403508
0 0.24079528718703977 0.7573099415204678 0.060382916053019146 0.03216374269005848
0 0.18483063328424154 0.8954678362573099 0.05154639175257732 0.019005847953216373
0 0.13917525773195877 0.8194444444444444 0.0898379970544919 0.03654970760233918
0 0.3431516936671576 0.8552631578947368 0.11487481590574374 0.03216374269005848
0 0.8755522827687776 0.9305555555555555 0.05154639175257732 0.019005847953216373
0 0.6487481590574374 0.9444444444444444 0.0898379970544919 0.023391812865497075
0 0.20544918998527245 0.9488304093567251 0.0898379970544919 0.03216374269005848
0 0.10309278350515463 0.29166666666666663 0.029455081001472753 0.033625730994152045
0 0.10088365243004419 0.23830409356725146 0.045655375552282766 0.029239766081871343
0 0.9337260677466863 0.587719298245614 0.050073637702503684 0.05263157894736842
0 0.4801178203240059 0.9334795321637427 0.08541973490427099 0.03070175438596491
0 0.7768777614138439 0.9269005847953216 0.048600883652430045 0.029239766081871343