0 0.6705882352941176 0.842479674796748 0.09117647058823529 0.020325203252032523
0 0.3073529411764706 0.902439024390244 0.07647058823529412 0.026422764227642278
1 0.4183823529411765 0.8902439024390245 0.12205882352941176 0.024390243902439025
0 0.8338235294117647 0.5497967479674797 0.09411764705882353 0.02845528455284553
0 0.8448529411764706 0.6478658536585367 0.060294117647058824 0.021341463414634148
0 0.788235294117647 0.6996951219512196 0.06470588235294117 0.015243902439024392
0 0.6617647058823529 0.9100609756097562 0.10882352941176471 0.025406504065040653
0 0.5794117647058823 0.8816056910569107 0.061764705882352944 0.019308943089430895
0 0.08161764705882353 0.9080284552845529 0.057352941176470586 0.017276422764227643
1 0.3426470588235294 0.9563008130081302 0.12058823529411765 0.022357723577235776
0 0.7897058823529411 0.5914634146341464 0.06764705882352941 0.01829268292682927
0 0.2161764705882353 0.4710365853658537 0.058823529411764705 0.013211382113821139
0 0.8286764705882352 0.6803861788617886 0.054411764705882354 0.015243902439024392
0 0.8382352941176471 0.701219512195122 0.052941176470588235 0.026422764227642278