0 0.13917525773195877 0.7624269005847952 0.060382916053019146 0.019005847953216373
0 0.7422680412371134 0.8187134502923976 0.05596465390279823 0.017543859649122806
0 0.8122238586156112 0.7375730994152047 0.1134020618556701 0.027777777777777776
0 0.2076583210603829 0.8866959064327485 0.050073637702503684 0.03070175438596491
0 0.17525773195876287 0.956140350877193 0.05596465390279823 0.02631578947368421
0 0.609720176730486 0.9327485380116959 0.10014727540500737 0.038011695906432746
0 0.6428571428571428 0.8523391812865496 0.06921944035346098 0.023391812865497075
0 0.1487481590574374 0.9195906432748537 0.07363770250368189 0.02631578947368421
0 0.13917525773195877 0.685672514619883 0.045655375552282766 0.049707602339181284
0 0.10382916053019145 0.43859649122807015 0.030927835051546393 0.08771929824561403
0 0.08689248895434462 0.8157894736842105 0.041237113402061855 0.07602339181286549