0 0.7235294117647059 0.45376016260162605 0.09705882352941177 0.019308943089430895
0 0.4345588235294118 0.30487804878048785 0.08088235294117647 0.01829268292682927
0 0.27794117647058825 0.44308943089430897 0.07058823529411765 0.022357723577235776
0 0.7338235294117647 0.3877032520325204 0.08529411764705883 0.017276422764227643
0 0.21764705882352942 0.9278455284552847 0.047058823529411764 0.020325203252032523
0 0.10147058823529412 0.8917682926829269 0.052941176470588235 0.025406504065040653
0 0.7860294117647059 0.7611788617886179 0.07794117647058824 0.01829268292682927
0 0.30661764705882355 0.41717479674796754 0.060294117647058824 0.015243902439024392
0 0.8654411764705883 0.7708333333333334 0.06911764705882353 0.021341463414634148
0 0.3110294117647059 0.9557926829268294 0.060294117647058824 0.013211382113821139
0 0.1713235294117647 0.864329268292683 0.11323529411764706 0.025406504065040653
0 0.3205882352941176 0.7718495934959351 0.15294117647058825 0.04369918699186992
0 0.3889705882352941 0.9725609756097562 0.09264705882352942 0.022357723577235776
0 0.15220588235294116 0.48526422764227645 0.04852941176470588 0.013211382113821139
0 0.24411764705882352 0.9725609756097562 0.06764705882352941 0.01829268292682927
0 0.9147058823529411 0.717479674796748 0.058823529411764705 0.016260162601626018
1 0.32426470588235295 0.5086382113821138 0.06911764705882353 0.04369918699186992
0 0.3029411764705882 0.8948170731707318 0.041176470588235294 0.0233739837398374
0 0.8779411764705882 0.8130081300813009 0.061764705882352944 0.016260162601626018
0 0.1588235294117647 0.47967479674796754 0.055882352941176466 0.024390243902439025
0 0.5963235294117647 0.9557926829268294 0.15735294117647058 0.03963414634146342