0 0.8357879234167894 0.9115497076023391 0.06921944035346098 0.019005847953216373
0 0.9005891016200295 0.8421052631578947 0.05154639175257732 0.02046783625730994
0 0.821060382916053 0.875 0.045655375552282766 0.019005847953216373
1 0.24300441826215022 0.9480994152046783 0.15022091310751104 0.04824561403508772
1 0.4646539027982327 0.8157894736842105 0.11929307805596465 0.038011695906432746
0 0.5228276877761414 0.8691520467836257 0.061855670103092786 0.021929824561403508
0 0.3681885125184094 0.8998538011695906 0.11487481590574374 0.03654970760233918
1 0.5346097201767305 0.6600877192982456 0.20913107511045656 0.1739766081871345
0 0.5758468335787923 0.3706140350877193 0.06480117820324005 0.024853801169590642
0 0.9278350515463918 0.5307017543859649 0.050073637702503684 0.023391812865497075
0 0.09572901325478644 0.4502923976608187 0.029455081001472753 0.05263157894736842