0 0.7727941176470589 0.6422764227642277 0.10147058823529412 0.022357723577235776
0 0.34338235294117647 0.8821138211382115 0.13676470588235293 0.02845528455284553
0 0.7411764705882353 0.690548780487805 0.07058823529411765 0.021341463414634148
0 0.12720588235294117 0.4862804878048781 0.060294117647058824 0.019308943089430895
0 0.7955882352941176 0.5802845528455285 0.05 0.014227642276422765
0 0.09852941176470588 0.4446138211382114 0.05 0.017276422764227643
0 0.7816176470588235 0.9034552845528456 0.051470588235294115 0.012195121951219513
0 0.5602941176470588 0.8882113821138212 0.07352941176470588 0.01829268292682927
0 0.19705882352941176 0.44512195121951226 0.032352941176470584 0.022357723577235776
0 0.8558823529411764 0.28658536585365857 0.06470588235294117 0.04065040650406505
1 0.5683823529411764 0.8511178861788619 0.1161764705882353 0.027439024390243906
1 0.11397058823529412 0.8384146341463415 0.045588235294117645 0.04065040650406505
0 0.1213235294117647 0.6229674796747968 0.03676470588235294 0.042682926829268296
0 0.07573529411764705 0.49745934959349597 0.03676470588235294 0.04573170731707318