0 0.49117647058823527 0.7784552845528456 0.08823529411764705 0.022357723577235776
0 0.1 0.4705284552845529 0.06764705882352941 0.022357723577235776
0 0.6588235294117647 0.904979674796748 0.14411764705882352 0.03150406504065041
0 0.8286764705882352 0.9446138211382115 0.07794117647058824 0.025406504065040653
0 0.26544117647058824 0.5452235772357724 0.04852941176470588 0.017276422764227643
0 0.6654411764705882 0.7266260162601627 0.06323529411764706 0.01829268292682927
0 0.7720588235294118 0.7520325203252033 0.07058823529411765 0.01829268292682927
0 0.7463235294117647 0.7479674796747968 0.12794117647058822 0.026422764227642278
0 0.8007352941176471 0.8297764227642277 0.09558823529411764 0.05995934959349594
0 0.8279411764705882 0.7850609756097562 0.07058823529411765 0.03963414634146342
0 0.09705882352941177 0.4024390243902439 0.047058823529411764 0.05487804878048781
0 0.3367647058823529 0.9364837398373985 0.06764705882352941 0.02947154471544716
0 0.4227941176470588 0.9527439024390245 0.06911764705882353 0.05386178861788619