0 0.8078055964653903 0.5570175438596491 0.0662739322533137 0.02046783625730994
0 0.14948453608247422 0.7090643274853801 0.12223858615611193 0.043859649122807015
0 0.09941089837997054 0.8150584795321637 0.05743740795287187 0.019005847953216373
0 0.22459499263622976 0.8245614035087718 0.05154639175257732 0.023391812865497075
0 0.08762886597938144 0.7704678362573099 0.05154639175257732 0.02046783625730994
0 0.2893961708394698 0.9195906432748537 0.0780559646539028 0.029239766081871343
1 0.3961708394698085 0.7960526315789473 0.09720176730486009 0.024853801169590642
0 0.7790868924889544 0.7141812865497076 0.15905743740795286 0.09210526315789473
0 0.8895434462444771 0.7419590643274854 0.05596465390279823 0.04824561403508772
0 0.20471281296023564 0.9495614035087718 0.053019145802650956 0.033625730994152045
0 0.5721649484536082 0.5760233918128654 0.054491899852724596 0.07017543859649122
1 0.5662739322533137 0.45540935672514615 0.0780559646539028 0.024853801169590642
1 0.6303387334315169 0.7514619883040935 0.06480117820324005 0.06725146198830409
1 0.6450662739322534 0.8479532163742689 0.05891016200294551 0.07602339181286549
0 0.15758468335787923 0.6505847953216374 0.035346097201767304 0.029239766081871343