0 0.38807069219440354 0.7777777777777777 0.06921944035346098 0.02631578947368421
0 0.3438880706921944 0.739766081871345 0.06332842415316642 0.017543859649122806
0 0.4793814432989691 0.8654970760233918 0.08100147275405008 0.029239766081871343
0 0.23195876288659795 0.804093567251462 0.08689248895434462 0.023391812865497075
0 0.5839469808541974 0.6293859649122807 0.048600883652430045 0.03070175438596491
0 0.5368188512518409 0.9027777777777777 0.054491899852724596 0.021929824561403508
0 0.5559646539027983 0.8464912280701754 0.06921944035346098 0.017543859649122806
0 0.2695139911634757 0.844298245614035 0.061855670103092786 0.01608187134502924
0 0.3159057437407953 0.8201754385964912 0.05743740795287187 0.014619883040935672
0 0.1487481590574374 0.9078947368421052 0.04418262150220913 0.049707602339181284
0 0.09941089837997054 0.7931286549707602 0.06332842415316642 0.04532163742690058
0 0.07142857142857142 0.8421052631578947 0.036818851251840944 0.06432748538011696
0 0.08026509572901325 0.27485380116959063 0.05154639175257732 0.03508771929824561
0 0.5655375552282769 0.8793859649122806 0.047128129602356406 0.01608187134502924