0 0.6804123711340206 0.888157894736842 0.12665684830633284 0.039473684210526314
0 0.8055964653902798 0.8486842105263157 0.061855670103092786 0.019005847953216373
0 0.7216494845360825 0.8326023391812865 0.053019145802650956 0.019005847953216373
0 0.0817378497790869 0.6995614035087719 0.048600883652430045 0.03070175438596491
0 0.7378497790868924 0.9459064327485379 0.047128129602356406 0.02631578947368421
0 0.11487481590574374 0.8896198830409356 0.061855670103092786 0.019005847953216373
0 0.7650957290132547 0.8874269005847952 0.0662739322533137 0.02046783625730994
1 0.321060382916053 0.8940058479532164 0.12665684830633284 0.03654970760233918
0 0.13107511045655376 0.41666666666666663 0.07952871870397643 0.11695906432748537
0 0.16273932253313697 0.7163742690058479 0.030927835051546393 0.04678362573099415
0 0.7562592047128129 0.7426900584795322 0.054491899852724596 0.049707602339181284
0 0.09499263622974963 0.6505847953216374 0.054491899852724596 0.05263157894736842
0 0.10677466863033873 0.8691520467836257 0.048600883652430045 0.03070175438596491
0 0.06701030927835051 0.2361111111111111 0.045655375552282766 0.04532163742690058