0 0.7191176470588235 0.8287601626016261 0.061764705882352944 0.011178861788617888
0 0.7367647058823529 0.8714430894308944 0.05 0.013211382113821139
0 0.7125 0.9166666666666667 0.060294117647058824 0.014227642276422765
0 0.3816176470588235 0.8150406504065042 0.07794117647058824 0.022357723577235776
0 0.6264705882352941 0.9039634146341464 0.09411764705882353 0.027439024390243906
0 0.13602941176470587 0.8846544715447155 0.075 0.021341463414634148
0 0.3205882352941176 0.864329268292683 0.08823529411764705 0.03353658536585366
0 0.45588235294117646 0.9552845528455286 0.09411764705882353 0.04065040650406505
0 0.5536764705882353 0.9517276422764228 0.060294117647058824 0.019308943089430895
1 0.33088235294117646 0.9527439024390245 0.08823529411764705 0.03556910569105692
1 0.2051470588235294 0.9227642276422765 0.07205882352941176 0.02845528455284553