0 0.8022058823529412 0.6011178861788619 0.060294117647058824 0.017276422764227643
0 0.8536764705882353 0.5696138211382115 0.057352941176470586 0.021341463414634148
0 0.7220588235294118 0.815548780487805 0.058823529411764705 0.019308943089430895
0 0.6279411764705882 0.916158536585366 0.07058823529411765 0.017276422764227643
0 0.8264705882352941 0.7621951219512196 0.06470588235294117 0.016260162601626018
0 0.8676470588235294 0.5421747967479675 0.061764705882352944 0.013211382113821139
0 0.19411764705882353 0.8851626016260163 0.09117647058823529 0.026422764227642278
0 0.37279411764705883 0.910569105691057 0.06323529411764706 0.01829268292682927
0 0.28823529411764703 0.9151422764227644 0.058823529411764705 0.017276422764227643
0 0.6095588235294117 0.6316056910569107 0.08088235294117647 0.015243902439024392
0 0.7588235294117647 0.8678861788617888 0.05 0.014227642276422765
0 0.5970588235294118 0.8628048780487806 0.08235294117647059 0.014227642276422765
0 0.6360294117647058 0.8805894308943091 0.075 0.015243902439024392
0 0.1161764705882353 0.8983739837398375 0.041176470588235294 0.024390243902439025
0 0.7661764705882352 0.6199186991869919 0.08823529411764705 0.020325203252032523
0 0.16544117647058823 0.9303861788617888 0.039705882352941174 0.0233739837398374
0 0.7904411764705882 0.8744918699186993 0.10735294117647058 0.025406504065040653
0 0.12058823529411765 0.6778455284552847 0.03823529411764706 0.014227642276422765
0 0.9213235294117647 0.848069105691057 0.0661764705882353 0.021341463414634148
0 0.12867647058823528 0.9578252032520326 0.04264705882352941 0.0233739837398374