0 0.7452135493372607 0.7441520467836257 0.07363770250368189 0.029239766081871343
0 0.6082474226804123 0.672514619883041 0.05891016200294551 0.014619883040935672
0 0.22533136966126657 0.6710526315789473 0.061855670103092786 0.014619883040935672
0 0.8276877761413843 0.8019005847953216 0.061855670103092786 0.03070175438596491
0 0.195139911634757 0.6929824561403508 0.0662739322533137 0.02631578947368421
0 0.6914580265095729 0.6980994152046783 0.06332842415316642 0.021929824561403508
0 0.8762886597938144 0.7141812865497076 0.05596465390279823 0.027777777777777776
0 0.8578792341678939 0.7309941520467835 0.054491899852724596 0.029239766081871343
0 0.751840942562592 0.6732456140350876 0.05154639175257732 0.01608187134502924
0 0.6914580265095729 0.6732456140350876 0.054491899852724596 0.01608187134502924
0 0.7893961708394698 0.6871345029239766 0.05891016200294551 0.017543859649122806
0 0.13917525773195877 0.695906432748538 0.039764359351988215 0.02631578947368421
0 0.8019145802650958 0.7083333333333333 0.039764359351988215 0.019005847953216373