0 0.748159057437408 0.8004385964912281 0.05891016200294551 0.027777777777777776
0 0.7783505154639175 0.6754385964912281 0.11634756995581738 0.029239766081871343
0 0.6251840942562592 0.9144736842105262 0.05154639175257732 0.021929824561403508
0 0.922680412371134 0.9298245614035088 0.05743740795287187 0.02631578947368421
0 0.9020618556701031 0.7134502923976608 0.045655375552282766 0.02631578947368421
0 0.4889543446244477 0.9539473684210525 0.053019145802650956 0.021929824561403508
0 0.926362297496318 0.7909356725146198 0.061855670103092786 0.029239766081871343
0 0.16936671575846834 0.5423976608187134 0.05891016200294551 0.02046783625730994
0 0.8144329896907216 0.7514619883040935 0.047128129602356406 0.02631578947368421
0 0.8954344624447717 0.756578947368421 0.05596465390279823 0.027777777777777776
0 0.8703976435935199 0.8209064327485379 0.041237113402061855 0.033625730994152045
0 0.3019145802650957 0.8969298245614035 0.032400589101620025 0.039473684210526314