0 0.9241531664212076 0.6973684210526315 0.07511045655375552 0.02631578947368421
0 0.24521354933726067 0.7097953216374269 0.054491899852724596 0.019005847953216373
0 0.23195876288659795 0.8640350877192982 0.05743740795287187 0.02046783625730994
0 0.13107511045655376 0.8852339181286549 0.06774668630338733 0.019005847953216373
0 0.9123711340206185 0.8976608187134503 0.05154639175257732 0.017543859649122806
0 0.08394698085419734 0.7507309941520467 0.05891016200294551 0.059941520467836254
0 0.1605301914580265 0.9269005847953216 0.10309278350515463 0.04678362573099415
0 0.1332842415316642 0.9173976608187134 0.045655375552282766 0.021929824561403508
0 0.07584683357879234 0.8369883040935672 0.042709867452135494 0.04532163742690058
0 0.11782032400589101 0.7880116959064327 0.029455081001472753 0.029239766081871343
0 0.841678939617084 0.9064327485380117 0.045655375552282766 0.029239766081871343