0 0.586764705882353 0.8973577235772359 0.061764705882352944 0.014227642276422765
0 0.4647058823529412 0.7413617886178863 0.07058823529411765 0.021341463414634148
0 0.1264705882352941 0.7022357723577236 0.07352941176470588 0.016260162601626018
0 0.6941176470588235 0.4751016260162602 0.07352941176470588 0.015243902439024392
0 0.12426470588235294 0.9095528455284554 0.04852941176470588 0.012195121951219513
0 0.4154411764705882 0.8678861788617888 0.10735294117647058 0.034552845528455285
0 0.7735294117647059 0.5782520325203253 0.07647058823529412 0.020325203252032523
0 0.08970588235294118 0.6290650406504066 0.058823529411764705 0.01829268292682927
0 0.11838235294117647 0.5807926829268293 0.09558823529411764 0.03150406504065041
0 0.2551470588235294 0.9481707317073171 0.045588235294117645 0.014227642276422765
0 0.20294117647058824 0.9781504065040652 0.08529411764705883 0.017276422764227643