0 0.09720176730486009 0.6096491228070176 0.05596465390279823 0.017543859649122806
0 0.8851251840942562 0.8538011695906432 0.050073637702503684 0.02046783625730994
0 0.6480117820324006 0.7076023391812865 0.050073637702503684 0.023391812865497075
0 0.853460972017673 0.804093567251462 0.0662739322533137 0.029239766081871343
0 0.8652430044182622 0.881578947368421 0.048600883652430045 0.02046783625730994
0 0.7083946980854198 0.9305555555555555 0.050073637702503684 0.01608187134502924
0 0.1995581737849779 0.6593567251461988 0.060382916053019146 0.03216374269005848
0 0.7371134020618556 0.9064327485380117 0.0780559646539028 0.023391812865497075
0 0.13033873343151695 0.7763157894736842 0.025036818851251842 0.043859649122807015
0 0.914580265095729 0.908625730994152 0.035346097201767304 0.05701754385964912
0 0.2533136966126657 0.6557017543859649 0.07363770250368189 0.024853801169590642