0 0.1480117820324006 0.6820175438596491 0.060382916053019146 0.021929824561403508
0 0.6612665684830633 0.5957602339181286 0.047128129602356406 0.021929824561403508
0 0.2025036818851252 0.7690058479532164 0.045655375552282766 0.014619883040935672
0 0.22827687776141384 0.6557017543859649 0.07658321060382917 0.021929824561403508
0 0.15095729013254786 0.6067251461988303 0.0780559646539028 0.02046783625730994
0 0.12592047128129602 0.7280701754385964 0.048600883652430045 0.023391812865497075
0 0.1759941089837997 0.8245614035087718 0.0662739322533137 0.02046783625730994
0 0.3019145802650957 0.790204678362573 0.047128129602356406 0.024853801169590642
0 0.0780559646539028 0.5519005847953216 0.050073637702503684 0.04532163742690058
0 0.13033873343151695 0.7543859649122806 0.033873343151693665 0.038011695906432746
0 0.16789396170839468 0.631578947368421 0.03829160530191458 0.023391812865497075