0 0.2588235294117647 0.7200203252032521 0.07352941176470588 0.02947154471544716
0 0.8647058823529412 0.8968495934959351 0.058823529411764705 0.013211382113821139
0 0.16176470588235295 0.910569105691057 0.055882352941176466 0.016260162601626018
0 0.1713235294117647 0.6620934959349595 0.054411764705882354 0.011178861788617888
0 0.13823529411764707 0.8475609756097562 0.07058823529411765 0.014227642276422765
0 0.45588235294117646 0.8790650406504066 0.05 0.014227642276422765
0 0.40441176470588236 0.7484756097560976 0.07352941176470588 0.013211382113821139
0 0.5977941176470588 0.9253048780487806 0.075 0.019308943089430895
0 0.5272058823529412 0.8297764227642277 0.11323529411764706 0.0233739837398374
1 0.33308823529411763 0.9176829268292684 0.1838235294117647 0.042682926829268296
0 0.6095588235294117 0.8841463414634148 0.1161764705882353 0.022357723577235776
0 0.07205882352941176 0.48373983739837406 0.032352941176470584 0.042682926829268296
0 0.18308823529411763 0.9674796747967481 0.033823529411764704 0.010162601626016262
0 0.1661764705882353 0.9456300813008132 0.055882352941176466 0.015243902439024392
0 0.2566176470588235 0.9400406504065042 0.08676470588235294 0.04065040650406505
0 0.20808823529411766 0.8658536585365855 0.11029411764705882 0.024390243902439025
0 0.10367647058823529 0.7362804878048781 0.039705882352941174 0.009146341463414635
0 0.31985294117647056 0.8775406504065042 0.06911764705882353 0.025406504065040653
0 0.23602941176470588 0.8577235772357724 0.06911764705882353 0.014227642276422765
0 0.6294117647058823 0.9598577235772359 0.047058823529411764 0.013211382113821139
0 0.18676470588235294 0.8699186991869919 0.07058823529411765 0.01829268292682927
1 0.3205882352941176 0.9710365853658538 0.19411764705882353 0.03353658536585366