0 0.2 0.8048780487804879 0.06764705882352941 0.012195121951219513
0 0.5963235294117647 0.8734756097560976 0.09558823529411764 0.025406504065040653
0 0.2977941176470588 0.6717479674796749 0.075 0.01829268292682927
0 0.8014705882352942 0.85619918699187 0.052941176470588235 0.013211382113821139
0 0.15808823529411764 0.9324186991869919 0.06911764705882353 0.015243902439024392
0 0.8154411764705882 0.8602642276422765 0.0838235294117647 0.021341463414634148
0 0.1875 0.46849593495934966 0.060294117647058824 0.024390243902439025
0 0.28308823529411764 0.9390243902439025 0.051470588235294115 0.014227642276422765
0 0.18235294117647058 0.8292682926829269 0.07058823529411765 0.016260162601626018
0 0.6338235294117647 0.940548780487805 0.09117647058823529 0.0233739837398374
0 0.8389705882352941 0.8673780487804879 0.04852941176470588 0.015243902439024392
0 0.12720588235294117 0.7078252032520326 0.06911764705882353 0.021341463414634148
0 0.11985294117647059 0.8511178861788619 0.051470588235294115 0.019308943089430895
0 0.25 0.8709349593495936 0.041176470588235294 0.03658536585365854
0 0.3669117647058823 0.9090447154471546 0.03676470588235294 0.02947154471544716
0 0.15588235294117647 0.8790650406504066 0.052941176470588235 0.03658536585365854
0 0.10294117647058823 0.9009146341463415 0.041176470588235294 0.02947154471544716
0 0.2536764705882353 0.9059959349593497 0.060294117647058824 0.019308943089430895
0 0.20588235294117646 0.6880081300813009 0.032352941176470584 0.030487804878048783