0 0.8213235294117647 0.8165650406504066 0.06323529411764706 0.021341463414634148
0 0.7588235294117647 0.924288617886179 0.08235294117647059 0.02947154471544716
0 0.7602941176470588 0.7794715447154472 0.07941176470588235 0.02845528455284553
0 0.7419117647058824 0.6626016260162603 0.08970588235294118 0.01829268292682927
0 0.8022058823529412 0.7378048780487806 0.07205882352941176 0.020325203252032523
0 0.5852941176470589 0.6011178861788619 0.06470588235294117 0.025406504065040653
0 0.8816176470588235 0.8582317073170732 0.06911764705882353 0.0233739837398374
0 0.1889705882352941 0.9674796747967481 0.054411764705882354 0.012195121951219513
0 0.6080882352941176 0.9314024390243903 0.08676470588235294 0.019308943089430895
1 0.4676470588235294 0.5558943089430894 0.044117647058823525 0.03658536585365854
0 0.17352941176470588 0.47256097560975613 0.061764705882352944 0.016260162601626018
0 0.09926470588235294 0.475609756097561 0.04852941176470588 0.032520325203252036
0 0.1161764705882353 0.6316056910569107 0.058823529411764705 0.03556910569105692
0 0.5992647058823529 0.9740853658536587 0.09852941176470588 0.0233739837398374
0 0.8933823529411764 0.7586382113821138 0.051470588235294115 0.04166666666666667