0 0.9248895434462444 0.6140350877192982 0.06774668630338733 0.023391812865497075
0 0.8203240058910162 0.7266081871345029 0.07069219440353461 0.02046783625730994
0 0.23269513991163476 0.844298245614035 0.047128129602356406 0.021929824561403508
1 0.6627393225331369 0.7989766081871345 0.10898379970544919 0.027777777777777776
0 0.7334315169366715 0.6842105263157894 0.05596465390279823 0.017543859649122806
0 0.9329896907216495 0.8260233918128654 0.045655375552282766 0.017543859649122806
0 0.7341678939617083 0.9758771929824561 0.060382916053019146 0.021929824561403508
1 0.48232695139911635 0.7982456140350876 0.17525773195876287 0.05555555555555555
0 0.7857142857142857 0.7032163742690059 0.10456553755522828 0.03508771929824561
0 0.8055964653902798 0.6388888888888888 0.05891016200294551 0.02046783625730994
0 0.08762886597938144 0.24780701754385964 0.054491899852724596 0.04532163742690058
0 0.15979381443298968 0.7331871345029239 0.042709867452135494 0.06286549707602339
1 0.5802650957290132 0.8457602339181286 0.10014727540500737 0.033625730994152045
0 0.8637702503681884 0.6732456140350876 0.054491899852724596 0.033625730994152045