0 0.7647058823529411 0.8038617886178863 0.09705882352941177 0.01829268292682927
0 0.13161764705882353 0.7942073170731708 0.08088235294117647 0.025406504065040653
0 0.29705882352941176 0.85619918699187 0.1264705882352941 0.025406504065040653
0 0.7529411764705882 0.8816056910569107 0.06764705882352941 0.013211382113821139
0 0.8705882352941177 0.8038617886178863 0.058823529411764705 0.024390243902439025
0 0.8125 0.8826219512195123 0.06911764705882353 0.015243902439024392
0 0.2514705882352941 0.7627032520325204 0.07352941176470588 0.021341463414634148
0 0.21911764705882353 0.9679878048780489 0.07647058823529412 0.021341463414634148
0 0.47205882352941175 0.7733739837398375 0.052941176470588235 0.022357723577235776
0 0.9 0.5914634146341464 0.058823529411764705 0.01829268292682927
0 0.8227941176470588 0.8394308943089431 0.051470588235294115 0.024390243902439025
1 0.39044117647058824 0.9237804878048781 0.20735294117647057 0.0467479674796748
1 0.5117647058823529 0.9720528455284554 0.13823529411764707 0.027439024390243906
1 0.3448529411764706 0.9822154471544716 0.09558823529411764 0.017276422764227643
0 0.11470588235294117 0.8511178861788619 0.052941176470588235 0.021341463414634148
0 0.15220588235294116 0.8201219512195123 0.08676470588235294 0.01829268292682927
0 0.9080882352941176 0.6148373983739838 0.07794117647058824 0.020325203252032523
0 0.9044117647058824 0.6407520325203253 0.055882352941176466 0.021341463414634148
0 0.10735294117647058 0.9532520325203253 0.044117647058823525 0.022357723577235776