0 0.2514705882352941 0.49237804878048785 0.058823529411764705 0.013211382113821139
0 0.11397058823529412 0.5701219512195123 0.054411764705882354 0.014227642276422765
0 0.4102941176470588 0.48424796747967486 0.055882352941176466 0.015243902439024392
0 0.6154411764705883 0.7672764227642277 0.075 0.020325203252032523
0 0.7029411764705882 0.9451219512195123 0.08235294117647059 0.022357723577235776
0 0.4838235294117647 0.676829268292683 0.05 0.012195121951219513
0 0.23088235294117646 0.9375000000000001 0.07058823529411765 0.015243902439024392
0 0.39338235294117646 0.9227642276422765 0.051470588235294115 0.022357723577235776
0 0.3948529411764706 0.6260162601626017 0.057352941176470586 0.016260162601626018
0 0.4963235294117647 0.7896341463414634 0.07205882352941176 0.01829268292682927
1 0.18823529411764706 0.6407520325203253 0.03823529411764706 0.04979674796747968
0 0.17941176470588235 0.5076219512195123 0.044117647058823525 0.0233739837398374
0 0.11985294117647059 0.6875000000000001 0.04264705882352941 0.0233739837398374
0 0.1264705882352941 0.7515243902439025 0.047058823529411764 0.021341463414634148
0 0.3602941176470588 0.9029471544715448 0.07352941176470588 0.0233739837398374