0 0.8549337260677466 0.6937134502923976 0.07216494845360824 0.03654970760233918
0 0.12739322533136965 0.7390350877192982 0.0662739322533137 0.03654970760233918
0 0.8814432989690721 0.8735380116959064 0.06332842415316642 0.019005847953216373
0 0.8181148748159057 0.9042397660818713 0.06921944035346098 0.021929824561403508
0 0.8240058910162003 0.9400584795321637 0.060382916053019146 0.017543859649122806
0 0.7422680412371134 0.8508771929824561 0.07363770250368189 0.02046783625730994
0 0.4410898379970545 0.9064327485380117 0.05743740795287187 0.023391812865497075
0 0.674521354933726 0.8845029239766081 0.053019145802650956 0.023391812865497075
1 0.609720176730486 0.9473684210526315 0.15022091310751104 0.043859649122807015
1 0.39764359351988215 0.9334795321637427 0.22091310751104565 0.06871345029239766
0 0.9440353460972017 0.9320175438596491 0.050073637702503684 0.021929824561403508
0 0.7709867452135494 0.9247076023391813 0.033873343151693665 0.019005847953216373