0 0.1948529411764706 0.5975609756097562 0.060294117647058824 0.012195121951219513
0 0.0838235294117647 0.5020325203252033 0.061764705882352944 0.01829268292682927
0 0.16397058823529412 0.49491869918699194 0.054411764705882354 0.022357723577235776
0 0.6852941176470588 0.5625000000000001 0.06764705882352941 0.011178861788617888
0 0.12205882352941176 0.6026422764227642 0.07058823529411765 0.01829268292682927
0 0.20808823529411766 0.5792682926829269 0.04852941176470588 0.012195121951219513
0 0.3088235294117647 0.5086382113821138 0.055882352941176466 0.017276422764227643
0 0.2933823529411765 0.5807926829268293 0.039705882352941174 0.021341463414634148
0 0.1125 0.5279471544715447 0.04264705882352941 0.019308943089430895
0 0.07647058823529412 0.5315040650406505 0.044117647058823525 0.020325203252032523
0 0.1661764705882353 0.5691056910569107 0.044117647058823525 0.01829268292682927