0 0.7823529411764706 0.570630081300813 0.07647058823529412 0.019308943089430895
0 0.8794117647058823 0.5630081300813009 0.07352941176470588 0.02845528455284553
0 0.8911764705882352 0.41514227642276424 0.07058823529411765 0.025406504065040653
0 0.8095588235294118 0.7743902439024392 0.0838235294117647 0.022357723577235776
0 0.7764705882352941 0.41158536585365857 0.08235294117647059 0.01829268292682927
0 0.8514705882352941 0.4944105691056911 0.07941176470588235 0.015243902439024392
0 0.8411764705882353 0.8333333333333334 0.052941176470588235 0.030487804878048783
0 0.8198529411764706 0.8953252032520326 0.08970588235294118 0.026422764227642278
0 0.4073529411764706 0.8074186991869919 0.1323529411764706 0.04573170731707318
0 0.6352941176470588 0.5828252032520326 0.08823529411764705 0.017276422764227643
0 0.7301470588235294 0.9552845528455286 0.07205882352941176 0.020325203252032523
0 0.11029411764705882 0.7423780487804879 0.047058823529411764 0.021341463414634148
0 0.11911764705882352 0.924288617886179 0.07352941176470588 0.0233739837398374
0 0.28602941176470587 0.9278455284552847 0.06323529411764706 0.024390243902439025
0 0.39558823529411763 0.9197154471544716 0.11470588235294117 0.024390243902439025
0 0.4779411764705882 0.6559959349593497 0.13529411764705881 0.03353658536585366
1 0.39852941176470585 0.9745934959349595 0.13529411764705881 0.030487804878048783
0 0.23308823529411765 0.956808943089431 0.060294117647058824 0.0233739837398374
0 0.6845588235294118 0.9222560975609757 0.1426470588235294 0.03556910569105692
0 0.10073529411764706 0.5045731707317074 0.07205882352941176 0.015243902439024392
0 0.2875 0.9684959349593497 0.054411764705882354 0.022357723577235776
0 0.09632352941176471 0.44867886178861793 0.025 0.025406504065040653