0 0.8397058823529412 0.3922764227642277 0.07058823529411765 0.01829268292682927
0 0.8580882352941176 0.6016260162601627 0.11029411764705882 0.026422764227642278
0 0.9169117647058823 0.5177845528455285 0.054411764705882354 0.017276422764227643
0 0.7352941176470588 0.8419715447154472 0.06470588235294117 0.021341463414634148
0 0.2588235294117647 0.791158536585366 0.07058823529411765 0.017276422764227643
0 0.7904411764705882 0.8079268292682927 0.057352941176470586 0.012195121951219513
0 0.5191176470588236 0.5442073170731708 0.08235294117647059 0.019308943089430895
0 0.7455882352941177 0.9065040650406505 0.061764705882352944 0.014227642276422765
0 0.8294117647058823 0.9288617886178863 0.07647058823529412 0.01829268292682927
0 0.6779411764705883 0.5447154471544716 0.08235294117647059 0.016260162601626018
0 0.8044117647058824 0.8506097560975611 0.058823529411764705 0.012195121951219513
0 0.8617647058823529 0.4679878048780488 0.061764705882352944 0.02947154471544716
0 0.9360294117647059 0.6392276422764228 0.060294117647058824 0.01829268292682927
0 0.6566176470588235 0.5010162601626017 0.06911764705882353 0.016260162601626018
0 0.7132352941176471 0.4822154471544716 0.07352941176470588 0.015243902439024392
0 0.11544117647058823 0.8180894308943091 0.0838235294117647 0.032520325203252036
0 0.8220588235294117 0.9029471544715448 0.055882352941176466 0.015243902439024392
0 0.11691176470588235 0.7601626016260163 0.03676470588235294 0.02845528455284553
0 0.19191176470588234 0.9456300813008132 0.10441176470588236 0.021341463414634148
0 0.1536764705882353 0.924288617886179 0.07205882352941176 0.017276422764227643
0 0.2580882352941176 0.8902439024390245 0.09852941176470588 0.020325203252032523
0 0.7698529411764706 0.77489837398374 0.10441176470588236 0.0233739837398374
0 0.8316176470588236 0.8810975609756099 0.054411764705882354 0.01829268292682927
0 0.7242647058823529 0.4984756097560976 0.06911764705882353 0.019308943089430895
0 0.30073529411764705 0.9435975609756099 0.09264705882352942 0.02947154471544716
0 0.1125 0.9537601626016261 0.057352941176470586 0.017276422764227643
0 0.1801470588235294 0.9004065040650407 0.025 0.022357723577235776
0 0.7926470588235294 0.7718495934959351 0.061764705882352944 0.015243902439024392
0 0.09632352941176471 0.8633130081300814 0.054411764705882354 0.027439024390243906
0 0.09191176470588235 0.9070121951219513 0.057352941176470586 0.025406504065040653
0 0.23823529411764705 0.8861788617886179 0.05 0.014227642276422765
0 0.15514705882352942 0.8719512195121952 0.033823529411764704 0.01829268292682927
0 0.7492647058823529 0.7794715447154472 0.06323529411764706 0.016260162601626018