0 0.711340206185567 0.9239766081871345 0.08541973490427099 0.02631578947368421
0 0.11487481590574374 0.8698830409356725 0.05596465390279823 0.02046783625730994
0 0.19808541973490426 0.8538011695906432 0.08394698085419734 0.023391812865497075
0 0.36597938144329895 0.7543859649122806 0.06921944035346098 0.023391812865497075
0 0.3365243004418262 0.652046783625731 0.13402061855670103 0.038011695906432746
0 0.3799705449189985 0.7331871345029239 0.07363770250368189 0.024853801169590642
0 0.463181148748159 0.7054093567251462 0.07511045655375552 0.033625730994152045
1 0.14285714285714285 0.7485380116959064 0.029455081001472753 0.09064327485380116
1 0.5868924889543446 0.7251461988304093 0.08394698085419734 0.03216374269005848
1 0.5125184094256259 0.736111111111111 0.07363770250368189 0.033625730994152045
0 0.0861561119293078 0.7894736842105263 0.05154639175257732 0.05555555555555555