0 0.13455882352941176 0.3663617886178862 0.06911764705882353 0.011178861788617888
0 0.3338235294117647 0.8673780487804879 0.08823529411764705 0.017276422764227643
0 0.29558823529411765 0.36483739837398377 0.052941176470588235 0.012195121951219513
0 0.0838235294117647 0.3978658536585366 0.06470588235294117 0.017276422764227643
0 0.6522058823529412 0.9715447154471546 0.07794117647058824 0.022357723577235776
0 0.899264705882353 0.4903455284552846 0.07205882352941176 0.02947154471544716
0 0.600735294117647 0.7672764227642277 0.051470588235294115 0.016260162601626018
0 0.07720588235294118 0.42225609756097565 0.045588235294117645 0.013211382113821139
0 0.8985294117647059 0.8521341463414634 0.047058823529411764 0.019308943089430895
0 0.13088235294117648 0.4395325203252033 0.05 0.019308943089430895
0 0.8735294117647059 0.5132113821138212 0.03529411764705882 0.020325203252032523
1 0.31029411764705883 0.6824186991869919 0.047058823529411764 0.037601626016260166
0 0.17205882352941176 0.826219512195122 0.061764705882352944 0.026422764227642278
0 0.09338235294117647 0.5833333333333334 0.054411764705882354 0.03658536585365854
1 0.1610294117647059 0.8760162601626017 0.04852941176470588 0.042682926829268296