0 0.20735294117647057 0.48780487804878053 0.07647058823529412 0.022357723577235776
0 0.3176470588235294 0.5325203252032521 0.058823529411764705 0.012195121951219513
0 0.7779411764705882 0.5584349593495935 0.07058823529411765 0.011178861788617888
0 0.4154411764705882 0.5584349593495935 0.04852941176470588 0.011178861788617888
0 0.21764705882352942 0.5345528455284554 0.07352941176470588 0.012195121951219513
0 0.5389705882352941 0.5665650406504066 0.0661764705882353 0.011178861788617888
0 0.07279411764705883 0.5757113821138212 0.054411764705882354 0.015243902439024392
0 0.4661764705882353 0.5350609756097562 0.06764705882352941 0.017276422764227643
0 0.9308823529411765 0.5685975609756098 0.055882352941176466 0.013211382113821139
0 0.10367647058823529 0.508130081300813 0.0661764705882353 0.012195121951219513
0 0.08823529411764705 0.513719512195122 0.1 0.019308943089430895
0 0.2691176470588235 0.5914634146341464 0.055882352941176466 0.014227642276422765
0 0.13455882352941176 0.5289634146341464 0.060294117647058824 0.011178861788617888
0 0.08455882352941177 0.5335365853658537 0.033823529411764704 0.014227642276422765
0 0.13014705882352942 0.5294715447154472 0.057352941176470586 0.016260162601626018
0 0.15735294117647058 0.5564024390243903 0.058823529411764705 0.025406504065040653
0 0.10808823529411765 0.6544715447154472 0.039705882352941174 0.016260162601626018