0 0.3154411764705882 0.6834349593495935 0.08676470588235294 0.019308943089430895
0 0.1264705882352941 0.6072154471544716 0.06470588235294117 0.019308943089430895
0 0.5941176470588235 0.8556910569105692 0.07352941176470588 0.014227642276422765
0 0.44191176470588234 0.848069105691057 0.12794117647058822 0.03150406504065041
0 0.20955882352941177 0.9288617886178863 0.060294117647058824 0.024390243902439025
0 0.3382352941176471 0.8683943089430896 0.052941176470588235 0.015243902439024392
0 0.19044117647058822 0.7266260162601627 0.10735294117647058 0.022357723577235776
0 0.28970588235294115 0.9009146341463415 0.1323529411764706 0.027439024390243906
0 0.6242647058823529 0.9136178861788619 0.057352941176470586 0.01829268292682927
0 0.26029411764705884 0.8963414634146343 0.07058823529411765 0.01829268292682927
1 0.3220588235294118 0.7566056910569107 0.1323529411764706 0.03353658536585366
1 0.1625 0.7820121951219513 0.10147058823529412 0.02947154471544716
1 0.23823529411764705 0.8140243902439025 0.061764705882352944 0.03861788617886179