0 0.46023564064801176 0.7200292397660818 0.08100147275405008 0.027777777777777776
0 0.7997054491899852 0.9115497076023391 0.053019145802650956 0.019005847953216373
0 0.093519882179676 0.7068713450292398 0.054491899852724596 0.019005847953216373
0 0.11266568483063329 0.6279239766081871 0.048600883652430045 0.027777777777777776
0 0.14580265095729014 0.7821637426900584 0.10014727540500737 0.043859649122807015
0 0.13107511045655376 0.8633040935672515 0.07658321060382917 0.03070175438596491
0 0.16494845360824742 0.8983918128654971 0.032400589101620025 0.027777777777777776
0 0.8969072164948454 0.9064327485380117 0.07952871870397643 0.023391812865497075
0 0.2702503681885125 0.6827485380116959 0.07511045655375552 0.023391812865497075
0 0.13622974963181148 0.3121345029239766 0.06332842415316642 0.06578947368421052
0 0.12371134020618557 0.7383040935672515 0.041237113402061855 0.02046783625730994
0 0.9175257731958762 0.8479532163742689 0.09425625920471281 0.05263157894736842
0 0.15022091310751104 0.6067251461988303 0.032400589101620025 0.023391812865497075