0 0.6723122238586156 0.712719298245614 0.05743740795287187 0.024853801169590642
0 0.5427098674521355 0.7638888888888888 0.07216494845360824 0.019005847953216373
0 0.4624447717231222 0.8786549707602339 0.061855670103092786 0.017543859649122806
0 0.6730486008836524 0.7799707602339181 0.047128129602356406 0.019005847953216373
0 0.3387334315169367 0.8304093567251462 0.047128129602356406 0.017543859649122806
0 0.7695139911634756 0.8238304093567251 0.060382916053019146 0.019005847953216373
0 0.33136966126656847 0.7675438596491228 0.07658321060382917 0.02046783625730994
0 0.28276877761413843 0.8479532163742689 0.07658321060382917 0.029239766081871343
0 0.646539027982327 0.8355263157894737 0.050073637702503684 0.019005847953216373
0 0.6104565537555228 0.8501461988304093 0.05154639175257732 0.021929824561403508
0 0.8357879234167894 0.7872807017543859 0.048600883652430045 0.021929824561403508
0 0.4160530191458026 0.9334795321637427 0.039764359351988215 0.019005847953216373