0 0.8323529411764706 0.8744918699186993 0.07352941176470588 0.015243902439024392
0 0.675 0.747459349593496 0.07647058823529412 0.013211382113821139
0 0.6904411764705882 0.9004065040650407 0.08676470588235294 0.022357723577235776
0 0.1536764705882353 0.8927845528455286 0.08676470588235294 0.025406504065040653
0 0.6463235294117647 0.8313008130081302 0.08088235294117647 0.020325203252032523
0 0.8338235294117647 0.8216463414634148 0.10294117647058823 0.0233739837398374
0 0.15735294117647058 0.6534552845528456 0.07352941176470588 0.01829268292682927
0 0.6 0.5828252032520326 0.07647058823529412 0.015243902439024392
0 0.2301470588235294 0.9156504065040652 0.06911764705882353 0.016260162601626018
0 0.13602941176470587 0.6839430894308944 0.054411764705882354 0.020325203252032523
0 0.5838235294117647 0.7982723577235773 0.05 0.015243902439024392
0 0.5073529411764706 0.8023373983739839 0.06470588235294117 0.013211382113821139
0 0.19191176470588234 0.753048780487805 0.09558823529411764 0.020325203252032523
0 0.549264705882353 0.8241869918699188 0.07794117647058824 0.014227642276422765
0 0.7213235294117647 0.9537601626016261 0.0838235294117647 0.021341463414634148
0 0.8654411764705883 0.9690040650406505 0.08088235294117647 0.021341463414634148
0 0.1963235294117647 0.8257113821138212 0.0838235294117647 0.027439024390243906
0 0.6073529411764705 0.8633130081300814 0.07352941176470588 0.017276422764227643
0 0.7345588235294117 0.8602642276422765 0.07205882352941176 0.019308943089430895
0 0.4389705882352941 0.9644308943089432 0.03676470588235294 0.014227642276422765
0 0.788235294117647 0.926829268292683 0.12058823529411765 0.026422764227642278
0 0.2823529411764706 0.8714430894308944 0.10588235294117647 0.0233739837398374
0 0.1338235294117647 0.8013211382113822 0.020588235294117647 0.019308943089430895
0 0.10367647058823529 0.7606707317073171 0.033823529411764704 0.03150406504065041
0 0.0713235294117647 0.5675813008130082 0.04852941176470588 0.027439024390243906
0 0.24558823529411763 0.872459349593496 0.041176470588235294 0.021341463414634148
0 0.25220588235294117 0.7540650406504066 0.03676470588235294 0.034552845528455285