0 0.5567010309278351 0.7244152046783625 0.07658321060382917 0.019005847953216373
0 0.08026509572901325 0.631578947368421 0.045655375552282766 0.017543859649122806
0 0.5456553755522827 0.915204678362573 0.05743740795287187 0.017543859649122806
0 0.47054491899852724 0.8793859649122806 0.07511045655375552 0.021929824561403508
0 0.3284241531664212 0.8640350877192982 0.05596465390279823 0.02631578947368421
0 0.674521354933726 0.8757309941520467 0.05891016200294551 0.017543859649122806
0 0.7761413843888071 0.9071637426900584 0.07658321060382917 0.024853801169590642
0 0.3232695139911635 0.8779239766081871 0.060382916053019146 0.019005847953216373
0 0.674521354933726 0.7945906432748537 0.05596465390279823 0.024853801169590642
0 0.22238586156111928 0.48684210526315785 0.053019145802650956 0.023391812865497075
0 0.047128129602356406 0.4941520467836257 0.032400589101620025 0.02631578947368421
1 0.1568483063328424 0.6323099415204678 0.039764359351988215 0.021929824561403508
1 0.08394698085419734 0.7777777777777777 0.035346097201767304 0.03216374269005848
1 0.07879234167893961 0.8450292397660818 0.027982326951399114 0.03216374269005848
0 0.5382916053019146 0.8428362573099415 0.054491899852724596 0.027777777777777776
0 0.8041237113402062 0.8866959064327485 0.06480117820324005 0.024853801169590642