0 0.8294117647058823 0.8455284552845529 0.06470588235294117 0.014227642276422765
0 0.22647058823529412 0.8338414634146343 0.06470588235294117 0.019308943089430895
0 0.788235294117647 0.7789634146341464 0.06764705882352941 0.019308943089430895
0 0.7558823529411764 0.8744918699186993 0.06470588235294117 0.021341463414634148
0 0.19264705882352942 0.9496951219512196 0.09117647058823529 0.027439024390243906
0 0.5169117647058823 0.8922764227642277 0.07794117647058824 0.020325203252032523
0 0.25441176470588234 0.46849593495934966 0.052941176470588235 0.022357723577235776
0 0.17426470588235293 0.9456300813008132 0.057352941176470586 0.017276422764227643
0 0.3448529411764706 0.9176829268292684 0.11911764705882352 0.024390243902439025
0 0.8845588235294117 0.7891260162601627 0.07794117647058824 0.0233739837398374
0 0.09779411764705882 0.6316056910569107 0.045588235294117645 0.03963414634146342