0 0.16323529411764706 0.815548780487805 0.10294117647058823 0.025406504065040653
0 0.14852941176470588 0.9217479674796749 0.07058823529411765 0.012195121951219513
0 0.8411764705882353 0.9354674796747968 0.08529411764705883 0.021341463414634148
0 0.15955882352941175 0.711890243902439 0.07794117647058824 0.021341463414634148
0 0.12941176470588234 0.8709349593495936 0.061764705882352944 0.016260162601626018
0 0.3125 0.6031504065040652 0.08970588235294118 0.027439024390243906
0 0.4411764705882353 0.7108739837398375 0.08529411764705883 0.0233739837398374
0 0.19338235294117648 0.8821138211382115 0.04852941176470588 0.012195121951219513
0 0.5522058823529412 0.7037601626016261 0.04852941176470588 0.015243902439024392
1 0.20661764705882352 0.6803861788617886 0.045588235294117645 0.03963414634146342
0 0.09558823529411764 0.3953252032520326 0.032352941176470584 0.05487804878048781
1 0.43308823529411766 0.9598577235772359 0.12205882352941176 0.03353658536585366