0 0.11544117647058823 0.3633130081300813 0.057352941176470586 0.019308943089430895
0 0.85 0.8160569105691058 0.08529411764705883 0.020325203252032523
0 0.18455882352941178 0.4029471544715448 0.060294117647058824 0.013211382113821139
0 0.8382352941176471 0.40345528455284557 0.07647058823529412 0.016260162601626018
0 0.788235294117647 0.38313008130081305 0.07058823529411765 0.014227642276422765
0 0.6882352941176471 0.4308943089430895 0.07647058823529412 0.016260162601626018
0 0.6676470588235294 0.459349593495935 0.06470588235294117 0.016260162601626018
0 0.8286764705882352 0.33180894308943093 0.06323529411764706 0.017276422764227643
0 0.8867647058823529 0.421239837398374 0.047058823529411764 0.013211382113821139
0 0.6963235294117647 0.5248983739837398 0.060294117647058824 0.019308943089430895
0 0.24485294117647058 0.565548780487805 0.04852941176470588 0.011178861788617888
0 0.8080882352941177 0.45325203252032525 0.057352941176470586 0.014227642276422765
0 0.7764705882352941 0.4359756097560976 0.08823529411764705 0.024390243902439025
0 0.15 0.8988821138211383 0.18235294117647058 0.08434959349593497
0 0.6419117647058823 0.5147357723577236 0.039705882352941174 0.019308943089430895
0 0.18235294117647058 0.46595528455284557 0.03823529411764706 0.015243902439024392
0 0.11470588235294117 0.6092479674796749 0.032352941176470584 0.03963414634146342