0 0.15514705882352942 0.8511178861788619 0.125 0.03150406504065041
0 0.7338235294117647 0.9192073170731708 0.08529411764705883 0.019308943089430895
0 0.7757352941176471 0.7723577235772359 0.075 0.020325203252032523
0 0.8294117647058823 0.9308943089430896 0.06470588235294117 0.012195121951219513
0 0.7669117647058823 0.9557926829268294 0.06911764705882353 0.025406504065040653
0 0.11544117647058823 0.8170731707317074 0.051470588235294115 0.012195121951219513
0 0.638235294117647 0.9563008130081302 0.06764705882352941 0.014227642276422765
1 0.2411764705882353 0.9517276422764228 0.11764705882352941 0.03556910569105692
0 0.09632352941176471 0.8871951219512196 0.045588235294117645 0.012195121951219513
0 0.4235294117647059 0.9014227642276423 0.07058823529411765 0.024390243902439025
0 0.31691176470588234 0.8445121951219513 0.039705882352941174 0.02845528455284553