0 0.6735294117647058 0.43038617886178865 0.07941176470588235 0.015243902439024392
0 0.7661764705882352 0.4933943089430895 0.07352941176470588 0.013211382113821139
0 0.6022058823529411 0.4120934959349594 0.08088235294117647 0.019308943089430895
0 0.2889705882352941 0.5574186991869919 0.07205882352941176 0.015243902439024392
0 0.7639705882352941 0.5320121951219513 0.08088235294117647 0.017276422764227643
0 0.85 0.904979674796748 0.052941176470588235 0.017276422764227643
0 0.14705882352941177 0.5396341463414634 0.08235294117647059 0.01829268292682927
0 0.7669117647058823 0.8653455284552847 0.11029411764705882 0.027439024390243906
0 0.8051470588235294 0.6021341463414634 0.075 0.015243902439024392
0 0.8772058823529412 0.7977642276422765 0.051470588235294115 0.022357723577235776
0 0.7338235294117647 0.5716463414634146 0.09117647058823529 0.0233739837398374
0 0.4007352941176471 0.8058943089430896 0.07794117647058824 0.020325203252032523
0 0.7764705882352941 0.9258130081300814 0.10588235294117647 0.026422764227642278
0 0.6139705882352942 0.7809959349593497 0.125 0.03353658536585366
1 0.6022058823529411 0.821138211382114 0.125 0.02845528455284553
1 0.7095588235294118 0.8165650406504066 0.1338235294117647 0.04369918699186992
0 0.899264705882353 0.48729674796747974 0.045588235294117645 0.025406504065040653