0 0.1588235294117647 0.9380081300813009 0.08823529411764705 0.01829268292682927
0 0.41470588235294115 0.7759146341463415 0.10294117647058823 0.025406504065040653
0 0.7941176470588235 0.8785569105691058 0.09705882352941177 0.025406504065040653
0 0.13088235294117648 0.739329268292683 0.05 0.017276422764227643
0 0.2588235294117647 0.8445121951219513 0.07941176470588235 0.02845528455284553
0 0.8639705882352942 0.8282520325203253 0.057352941176470586 0.014227642276422765
0 0.6463235294117647 0.7332317073170732 0.060294117647058824 0.0233739837398374
0 0.14338235294117646 0.7962398373983741 0.054411764705882354 0.015243902439024392
0 0.649264705882353 0.8800813008130082 0.10147058823529412 0.026422764227642278
0 0.4360294117647059 0.9039634146341464 0.09558823529411764 0.021341463414634148
0 0.2661764705882353 0.9451219512195123 0.06764705882352941 0.01829268292682927
0 0.12867647058823528 0.7647357723577236 0.060294117647058824 0.0233739837398374
0 0.3191176470588235 0.9639227642276423 0.07058823529411765 0.0233739837398374
0 0.15 0.7017276422764228 0.029411764705882353 0.019308943089430895