0 0.8829160530191458 0.8260233918128654 0.06921944035346098 0.02631578947368421
0 0.6995581737849779 0.7799707602339181 0.07658321060382917 0.024853801169590642
0 0.14138438880706922 0.8362573099415205 0.061855670103092786 0.02631578947368421
0 0.46612665684830634 0.9122807017543859 0.07216494845360824 0.02631578947368421
0 0.20692194403534608 0.8252923976608186 0.06332842415316642 0.019005847953216373
0 0.3114874815905744 0.894736842105263 0.05154639175257732 0.02046783625730994
0 0.10677466863033873 0.7017543859649122 0.06921944035346098 0.05847953216374269
0 0.8254786450662739 0.9261695906432748 0.08100147275405008 0.027777777777777776
0 0.3637702503681885 0.9364035087719298 0.047128129602356406 0.019005847953216373
1 0.20176730486008837 0.9634502923976608 0.12076583210603829 0.05555555555555555
0 0.5103092783505154 0.9576023391812865 0.08394698085419734 0.02631578947368421
0 0.2658321060382916 0.8801169590643274 0.1487481590574374 0.03216374269005848
0 0.07658321060382917 0.8508771929824561 0.03829160530191458 0.04093567251461988