0 0.7323529411764705 0.8821138211382115 0.08823529411764705 0.032520325203252036
0 0.12279411764705882 0.8973577235772359 0.045588235294117645 0.012195121951219513
0 0.663235294117647 0.9222560975609757 0.09117647058823529 0.019308943089430895
0 0.26691176470588235 0.9375000000000001 0.045588235294117645 0.013211382113821139
0 0.38088235294117645 0.9522357723577237 0.08235294117647059 0.026422764227642278
0 0.8816176470588235 0.8429878048780489 0.054411764705882354 0.019308943089430895
0 0.1264705882352941 0.8409552845528456 0.055882352941176466 0.017276422764227643
0 0.12720588235294117 0.878048780487805 0.057352941176470586 0.01829268292682927
0 0.8639705882352942 0.8053861788617886 0.054411764705882354 0.03556910569105692
0 0.4588235294117647 0.9232723577235773 0.15 0.03353658536585366
0 0.42720588235294116 0.9745934959349595 0.1602941176470588 0.03658536585365854