0 0.14138438880706922 0.6059941520467836 0.061855670103092786 0.024853801169590642
0 0.3394698085419735 0.5650584795321637 0.08100147275405008 0.027777777777777776
0 0.0743740795287187 0.6754385964912281 0.054491899852724596 0.023391812865497075
0 0.2422680412371134 0.7317251461988303 0.07216494845360824 0.021929824561403508
0 0.22091310751104565 0.6937134502923976 0.061855670103092786 0.024853801169590642
0 0.25699558173784975 0.8823099415204678 0.060382916053019146 0.024853801169590642
0 0.20618556701030927 0.6644736842105263 0.06774668630338733 0.024853801169590642
0 0.6958762886597938 0.7032163742690059 0.06332842415316642 0.017543859649122806
0 0.09425625920471281 0.7214912280701754 0.050073637702503684 0.03070175438596491
0 0.20913107511045656 0.7945906432748537 0.08247422680412371 0.03070175438596491
0 0.06848306332842415 0.7777777777777777 0.05154639175257732 0.014619883040935672
0 0.21723122238586157 0.5884502923976608 0.05743740795287187 0.027777777777777776
0 0.14138438880706922 0.5343567251461988 0.041237113402061855 0.024853801169590642
1 0.21354933726067746 0.47295321637426896 0.07363770250368189 0.024853801169590642
0 0.22533136966126657 0.8223684210526315 0.035346097201767304 0.033625730994152045