0 0.7970588235294117 0.5848577235772359 0.07058823529411765 0.017276422764227643
0 0.23529411764705882 0.570630081300813 0.08235294117647059 0.017276422764227643
0 0.23161764705882354 0.8993902439024392 0.054411764705882354 0.012195121951219513
0 0.7154411764705882 0.5213414634146342 0.08088235294117647 0.016260162601626018
0 0.7772058823529412 0.7591463414634148 0.08970588235294118 0.01829268292682927
0 0.2661764705882353 0.9690040650406505 0.10294117647058823 0.03150406504065041
0 0.8551470588235294 0.7423780487804879 0.08970588235294118 0.021341463414634148
0 0.7639705882352941 0.8907520325203253 0.1161764705882353 0.04573170731707318
0 0.6845588235294118 0.6890243902439025 0.057352941176470586 0.02845528455284553
0 0.6345588235294117 0.9593495934959351 0.2485294117647059 0.03861788617886179
0 0.9360294117647059 0.5589430894308943 0.039705882352941174 0.03658536585365854