0 0.7827687776141384 0.6228070175438596 0.06332842415316642 0.023391812865497075
0 0.14580265095729014 0.8406432748538011 0.050073637702503684 0.017543859649122806
0 0.1759941089837997 0.9049707602339181 0.05154639175257732 0.02046783625730994
0 0.1796759941089838 0.8055555555555555 0.061855670103092786 0.017543859649122806
0 0.15095729013254786 0.8845029239766081 0.060382916053019146 0.023391812865497075
0 0.2768777614138439 0.7068713450292398 0.08836524300441825 0.024853801169590642
0 0.4315169366715758 0.8859649122807017 0.06774668630338733 0.02046783625730994
0 0.321060382916053 0.8866959064327485 0.061855670103092786 0.03654970760233918
0 0.1605301914580265 0.7711988304093567 0.050073637702503684 0.021929824561403508
0 0.2820324005891016 0.8128654970760234 0.060382916053019146 0.02631578947368421
0 0.8630338733431516 0.5372807017543859 0.061855670103092786 0.024853801169590642
0 0.4322533136966127 0.692251461988304 0.1251840942562592 0.039473684210526314
0 0.4992636229749632 0.9385964912280701 0.08247422680412371 0.02631578947368421
0 0.08026509572901325 0.2273391812865497 0.030927835051546393 0.07456140350877193
0 0.187039764359352 0.969298245614035 0.03829160530191458 0.023391812865497075
0 0.1134020618556701 0.5007309941520468 0.020618556701030927 0.05701754385964912
0 0.28718703976435933 0.9269005847953216 0.053019145802650956 0.02631578947368421