0 0.8784977908689249 0.831140350877193 0.05154639175257732 0.021929824561403508
0 0.09941089837997054 0.804093567251462 0.060382916053019146 0.023391812865497075
0 0.21428571428571427 0.5738304093567251 0.060382916053019146 0.01608187134502924
0 0.7334315169366715 0.6432748538011696 0.061855670103092786 0.017543859649122806
0 0.5787923416789396 0.7046783625730993 0.07658321060382917 0.038011695906432746
0 0.2106038291605302 0.736111111111111 0.050073637702503684 0.021929824561403508
0 0.29381443298969073 0.6345029239766081 0.05154639175257732 0.02046783625730994
0 0.11782032400589101 0.7375730994152047 0.07069219440353461 0.03654970760233918
0 0.1605301914580265 0.6052631578947368 0.08541973490427099 0.02631578947368421
1 0.18851251840942562 0.37573099415204675 0.06480117820324005 0.07017543859649122
0 0.642120765832106 0.5643274853801169 0.04418262150220913 0.043859649122807015