0 0.2580882352941176 0.6946138211382115 0.06911764705882353 0.015243902439024392
0 0.27941176470588236 0.9415650406504066 0.06470588235294117 0.019308943089430895
0 0.8294117647058823 0.9288617886178863 0.05 0.016260162601626018
0 0.16323529411764706 0.711890243902439 0.06764705882352941 0.0233739837398374
0 0.8529411764705882 0.8556910569105692 0.07941176470588235 0.016260162601626018
0 0.2213235294117647 0.8592479674796749 0.07794117647058824 0.025406504065040653
0 0.12573529411764706 0.551829268292683 0.11323529411764706 0.032520325203252036
0 0.7470588235294118 0.926829268292683 0.06470588235294117 0.016260162601626018
0 0.5294117647058824 0.6117886178861789 0.13823529411764707 0.03658536585365854
0 0.9095588235294118 0.7642276422764228 0.060294117647058824 0.01829268292682927
0 0.30073529411764705 0.7977642276422765 0.08970588235294118 0.022357723577235776
0 0.9411764705882353 0.9507113821138212 0.09411764705882353 0.03353658536585366
0 0.825735294117647 0.8932926829268294 0.04852941176470588 0.024390243902439025
0 0.2580882352941176 0.8201219512195123 0.06911764705882353 0.024390243902439025