0 0.7352941176470588 0.8236788617886179 0.1264705882352941 0.03353658536585366
1 0.6470588235294118 0.5711382113821138 0.12058823529411765 0.032520325203252036
0 0.41911764705882354 0.42225609756097565 0.055882352941176466 0.015243902439024392
0 0.7220588235294118 0.8861788617886179 0.12058823529411765 0.032520325203252036
0 0.7970588235294117 0.5995934959349594 0.061764705882352944 0.020325203252032523
0 0.20955882352941177 0.9491869918699188 0.11911764705882352 0.02845528455284553
0 0.9102941176470588 0.6935975609756099 0.055882352941176466 0.011178861788617888
0 0.08602941176470588 0.5233739837398375 0.03676470588235294 0.0467479674796748
1 0.425 0.6808943089430896 0.14705882352941177 0.034552845528455285
1 0.4698529411764706 0.9319105691056911 0.18970588235294117 0.04065040650406505
0 0.8764705882352941 0.6016260162601627 0.07647058823529412 0.024390243902439025