0 0.13088235294117648 0.42174796747967486 0.058823529411764705 0.014227642276422765
0 0.20661764705882352 0.5782520325203253 0.057352941176470586 0.014227642276422765
0 0.20294117647058824 0.45376016260162605 0.07941176470588235 0.013211382113821139
0 0.2389705882352941 0.4903455284552846 0.0661764705882353 0.019308943089430895
0 0.24485294117647058 0.6773373983739838 0.04852941176470588 0.015243902439024392
0 0.6183823529411765 0.9674796747967481 0.0661764705882353 0.014227642276422765
0 0.08529411764705883 0.5101626016260163 0.06470588235294117 0.024390243902439025
0 0.10514705882352941 0.660569105691057 0.07205882352941176 0.026422764227642278
0 0.2742647058823529 0.6473577235772359 0.0661764705882353 0.014227642276422765
0 0.11102941176470588 0.4751016260162602 0.04852941176470588 0.021341463414634148
0 0.125 0.4446138211382114 0.06470588235294117 0.011178861788617888
0 0.11102941176470588 0.5752032520325204 0.057352941176470586 0.02845528455284553
1 0.16691176470588234 0.6615853658536586 0.033823529411764704 0.052845528455284556