0 0.5773195876288659 0.8676900584795321 0.07363770250368189 0.019005847953216373
0 0.21649484536082475 0.6820175438596491 0.07363770250368189 0.04824561403508772
0 0.9189985272459499 0.8501461988304093 0.050073637702503684 0.019005847953216373
0 0.53240058910162 0.777046783625731 0.09278350515463918 0.04239766081871345
0 0.6362297496318114 0.8004385964912281 0.06774668630338733 0.024853801169590642
0 0.19808541973490426 0.8238304093567251 0.054491899852724596 0.024853801169590642
0 0.8843888070692194 0.6096491228070176 0.1251840942562592 0.043859649122807015
0 0.7547864506627393 0.8888888888888888 0.054491899852724596 0.023391812865497075
0 0.13181148748159058 0.9415204678362572 0.05743740795287187 0.029239766081871343
0 0.9020618556701031 0.4261695906432748 0.07216494845360824 0.03070175438596491
0 0.930780559646539 0.3706140350877193 0.047128129602356406 0.059941520467836254
1 0.5427098674521355 0.942251461988304 0.13402061855670103 0.04532163742690058
1 0.27319587628865977 0.827485380116959 0.07511045655375552 0.023391812865497075
0 0.853460972017673 0.9393274853801169 0.11929307805596465 0.05116959064327485