0 0.7120765832106039 0.6885964912280701 0.06921944035346098 0.02631578947368421
0 0.8637702503681884 0.6630116959064327 0.054491899852724596 0.01608187134502924
0 0.8387334315169367 0.5526315789473684 0.06921944035346098 0.03508771929824561
0 0.7290132547864506 0.6220760233918128 0.047128129602356406 0.024853801169590642
0 0.5287187039764359 0.7690058479532164 0.08836524300441825 0.023391812865497075
0 0.735640648011782 0.8201754385964912 0.060382916053019146 0.029239766081871343
1 0.47569955817378495 0.8011695906432748 0.09131075110456553 0.02631578947368421
0 0.093519882179676 0.8618421052631579 0.05154639175257732 0.033625730994152045
0 0.9189985272459499 0.6191520467836257 0.05891016200294551 0.05701754385964912
0 0.9175257731958762 0.1922514619883041 0.05596465390279823 0.059941520467836254
0 0.8357879234167894 0.070906432748538 0.048600883652430045 0.039473684210526314