0 0.7727941176470589 0.44308943089430897 0.06911764705882353 0.01829268292682927
0 0.7132352941176471 0.8800813008130082 0.07352941176470588 0.01829268292682927
0 0.2125 0.9253048780487806 0.07205882352941176 0.017276422764227643
0 0.7139705882352941 0.9369918699186993 0.054411764705882354 0.016260162601626018
0 0.35661764705882354 0.9476626016260163 0.11911764705882352 0.025406504065040653
0 0.8007352941176471 0.8785569105691058 0.06323529411764706 0.015243902439024392
0 0.49558823529411766 0.9090447154471546 0.10588235294117647 0.03150406504065041
0 0.6470588235294118 0.9293699186991871 0.05 0.021341463414634148
0 0.8669117647058824 0.8511178861788619 0.045588235294117645 0.017276422764227643
0 0.1713235294117647 0.7291666666666667 0.025 0.03353658536585366
0 0.14338235294117646 0.7205284552845529 0.027941176470588233 0.04471544715447155
0 0.10073529411764706 0.6737804878048781 0.022058823529411763 0.03861788617886179