0 0.6161764705882353 0.8765243902439025 0.07941176470588235 0.015243902439024392
0 0.7264705882352941 0.7906504065040652 0.07941176470588235 0.024390243902439025
0 0.8191176470588235 0.7677845528455285 0.06470588235294117 0.015243902439024392
0 0.6455882352941177 0.8485772357723578 0.08529411764705883 0.016260162601626018
0 0.34338235294117647 0.54369918699187 0.07794117647058824 0.016260162601626018
0 0.9301470588235294 0.46087398373983746 0.045588235294117645 0.011178861788617888
0 0.8529411764705882 0.8592479674796749 0.061764705882352944 0.027439024390243906
0 0.07647058823529412 0.42733739837398377 0.05 0.017276422764227643
0 0.09632352941176471 0.3638211382113822 0.04852941176470588 0.012195121951219513
0 0.2088235294117647 0.4710365853658537 0.07647058823529412 0.013211382113821139
0 0.8066176470588236 0.8968495934959351 0.06323529411764706 0.019308943089430895
0 0.6779411764705883 0.8384146341463415 0.06470588235294117 0.01829268292682927
0 0.5875 0.39380081300813014 0.08088235294117647 0.025406504065040653
0 0.19191176470588234 0.5050813008130082 0.03676470588235294 0.030487804878048783
0 0.4139705882352941 0.5010162601626017 0.051470588235294115 0.01829268292682927