0 0.8477941176470588 0.7063008130081302 0.0838235294117647 0.022357723577235776
0 0.1801470588235294 0.902439024390244 0.060294117647058824 0.01829268292682927
0 0.9044117647058824 0.5746951219512195 0.052941176470588235 0.013211382113821139
0 0.8669117647058824 0.8074186991869919 0.04852941176470588 0.013211382113821139
0 0.7477941176470588 0.9202235772357724 0.054411764705882354 0.019308943089430895
0 0.1860294117647059 0.8851626016260163 0.075 0.014227642276422765
0 0.0838235294117647 0.42936991869918706 0.052941176470588235 0.017276422764227643
0 0.13602941176470587 0.9466463414634148 0.0661764705882353 0.017276422764227643
0 0.7147058823529412 0.9563008130081302 0.06470588235294117 0.016260162601626018
0 0.2786764705882353 0.8460365853658538 0.04852941176470588 0.02947154471544716
1 0.4411764705882353 0.9314024390243903 0.19411764705882353 0.03556910569105692
1 0.3139705882352941 0.9644308943089432 0.17205882352941176 0.03658536585365854
1 0.5610294117647059 0.9751016260162603 0.12205882352941176 0.027439024390243906