0 0.7647058823529411 0.9156504065040652 0.058823529411764705 0.012195121951219513
0 0.8676470588235294 0.4517276422764228 0.07647058823529412 0.019308943089430895
0 0.8014705882352942 0.4745934959349594 0.06470588235294117 0.02845528455284553
0 0.8441176470588235 0.6610772357723578 0.061764705882352944 0.0233739837398374
0 0.3029411764705882 0.7017276422764228 0.061764705882352944 0.019308943089430895
0 0.8669117647058824 0.8130081300813009 0.045588235294117645 0.020325203252032523
0 0.1161764705882353 0.8983739837398375 0.06764705882352941 0.01829268292682927
0 0.6992647058823529 0.9563008130081302 0.051470588235294115 0.020325203252032523
0 0.5661764705882353 0.9776422764227644 0.055882352941176466 0.014227642276422765
0 0.21029411764705883 0.9278455284552847 0.12058823529411765 0.034552845528455285
0 0.12794117647058822 0.6620934959349595 0.03529411764705882 0.04573170731707318
0 0.8772058823529412 0.6468495934959351 0.039705882352941174 0.047764227642276426
1 0.21323529411764705 0.9598577235772359 0.09117647058823529 0.04369918699186992