0 0.11855670103092783 0.7536549707602339 0.05743740795287187 0.033625730994152045
0 0.6494845360824743 0.8684210526315789 0.07952871870397643 0.03216374269005848
0 0.6119293078055964 0.962719298245614 0.06332842415316642 0.019005847953216373
0 0.5891016200294551 0.8150584795321637 0.09131075110456553 0.033625730994152045
0 0.8343151693667158 0.8662280701754386 0.045655375552282766 0.021929824561403508
0 0.4270986745213549 0.8135964912280701 0.09131075110456553 0.04824561403508772
0 0.5147275405007363 0.6812865497076023 0.0780559646539028 0.02046783625730994
0 0.9101620029455081 0.8969298245614035 0.05891016200294551 0.019005847953216373
1 0.43593519882179677 0.8903508771929824 0.18851251840942562 0.07602339181286549
0 0.93519882179676 0.44809941520467833 0.050073637702503684 0.059941520467836254
0 0.24374079528718703 0.962719298245614 0.06332842415316642 0.024853801169590642
0 0.853460972017673 0.9173976608187134 0.027982326951399114 0.03070175438596491