0 0.12739322533136965 0.6374269005847952 0.05154639175257732 0.02046783625730994
0 0.8232695139911634 0.6717836257309941 0.07658321060382917 0.024853801169590642
0 0.1568483063328424 0.5562865497076023 0.05154639175257732 0.03070175438596491
0 0.1406480117820324 0.6016081871345029 0.060382916053019146 0.03654970760233918
0 0.4617083946980854 0.7997076023391813 0.05743740795287187 0.023391812865497075
0 0.6428571428571428 0.5467836257309941 0.08394698085419734 0.023391812865497075
0 0.3217967599410898 0.5730994152046783 0.0662739322533137 0.029239766081871343
0 0.406480117820324 0.8837719298245613 0.07658321060382917 0.024853801169590642
0 0.16789396170839468 0.8903508771929824 0.06774668630338733 0.02631578947368421
0 0.4263622974963181 0.9195906432748537 0.08100147275405008 0.023391812865497075
1 0.3527245949926362 0.4334795321637427 0.060382916053019146 0.03070175438596491
1 0.5169366715758468 0.30116959064327486 0.08247422680412371 0.038011695906432746
1 0.8814432989690721 0.6849415204678362 0.05154639175257732 0.03654970760233918
0 0.1715758468335788 0.5080409356725146 0.06332842415316642 0.027777777777777776
0 0.34241531664212077 0.7821637426900584 0.039764359351988215 0.03508771929824561