0 0.2106038291605302 0.9159356725146198 0.053019145802650956 0.021929824561403508
0 0.6119293078055964 0.7346491228070176 0.0662739322533137 0.019005847953216373
0 0.14212076583210603 0.7814327485380117 0.0662739322533137 0.021929824561403508
0 0.5957290132547864 0.9532163742690059 0.048600883652430045 0.02046783625730994
0 0.3696612665684831 0.6293859649122807 0.07363770250368189 0.024853801169590642
0 0.15758468335787923 0.7090643274853801 0.07952871870397643 0.02631578947368421
0 0.3240058910162003 0.7105263157894737 0.07952871870397643 0.02046783625730994
0 0.5559646539027983 0.9320175438596491 0.045655375552282766 0.019005847953216373
0 0.4027982326951399 0.8157894736842105 0.06921944035346098 0.043859649122807015
0 0.8814432989690721 0.8567251461988303 0.033873343151693665 0.049707602339181284
0 0.7378497790868924 0.9634502923976608 0.050073637702503684 0.02631578947368421
0 0.15979381443298968 0.8691520467836257 0.048600883652430045 0.059941520467836254