0 0.7227941176470588 0.48119918699187 0.06911764705882353 0.027439024390243906
0 0.48455882352941176 0.6697154471544716 0.08676470588235294 0.024390243902439025
0 0.8301470588235293 0.5675813008130082 0.0661764705882353 0.02947154471544716
0 0.5558823529411765 0.6270325203252033 0.07352941176470588 0.024390243902439025
0 0.31323529411764706 0.821138211382114 0.07058823529411765 0.016260162601626018
0 0.1875 0.9176829268292684 0.07794117647058824 0.016260162601626018
0 0.3514705882352941 0.8033536585365855 0.09117647058823529 0.021341463414634148
0 0.8242647058823529 0.8231707317073171 0.054411764705882354 0.014227642276422765
0 0.8602941176470588 0.8877032520325204 0.058823529411764705 0.013211382113821139
0 0.2772058823529412 0.6631097560975611 0.07794117647058824 0.017276422764227643
0 0.2948529411764706 0.9537601626016261 0.09264705882352942 0.0233739837398374
0 0.27352941176470585 0.9222560975609757 0.047058823529411764 0.011178861788617888
0 0.7220588235294118 0.9430894308943091 0.11764705882352941 0.024390243902439025
0 0.48308823529411765 0.8841463414634148 0.1661764705882353 0.05081300813008131
0 0.7139705882352941 0.7098577235772359 0.045588235294117645 0.017276422764227643
0 0.8301470588235293 0.7042682926829269 0.07205882352941176 0.034552845528455285
1 0.6102941176470588 0.7571138211382115 0.16470588235294117 0.034552845528455285
1 0.39852941176470585 0.9481707317073171 0.13529411764705881 0.04065040650406505
1 0.8220588235294117 0.8683943089430896 0.058823529411764705 0.06402439024390244