0 0.8125 0.5076219512195123 0.075 0.015243902439024392
0 0.9080882352941176 0.48983739837398377 0.0661764705882353 0.01829268292682927
0 0.8161764705882353 0.5782520325203253 0.09705882352941177 0.042682926829268296
0 0.9257352941176471 0.5650406504065041 0.07205882352941176 0.024390243902439025
0 0.7360294117647058 0.71239837398374 0.06911764705882353 0.014227642276422765
0 0.49558823529411766 0.41768292682926833 0.07941176470588235 0.014227642276422765
0 0.23455882352941176 0.8531504065040652 0.060294117647058824 0.013211382113821139
0 0.8669117647058824 0.693089430894309 0.14852941176470588 0.042682926829268296
0 0.7272058823529411 0.41717479674796754 0.10147058823529412 0.019308943089430895
0 0.1676470588235294 0.973069105691057 0.08823529411764705 0.017276422764227643
0 0.1764705882352941 0.5152439024390244 0.052941176470588235 0.014227642276422765
0 0.5647058823529412 0.7977642276422765 0.058823529411764705 0.014227642276422765
0 0.46838235294117647 0.6758130081300814 0.08970588235294118 0.01829268292682927
0 0.25588235294117645 0.9415650406504066 0.044117647058823525 0.03150406504065041
0 0.9176470588235294 0.7256097560975611 0.061764705882352944 0.01829268292682927
0 0.1838235294117647 0.7500000000000001 0.03529411764705882 0.030487804878048783
0 0.8448529411764706 0.4156504065040651 0.03676470588235294 0.024390243902439025
0 0.12205882352941176 0.8922764227642277 0.061764705882352944 0.020325203252032523
0 0.5941176470588235 0.8236788617886179 0.07647058823529412 0.019308943089430895
0 0.3801470588235294 0.91869918699187 0.09264705882352942 0.024390243902439025
0 0.46249999999999997 0.9415650406504066 0.08676470588235294 0.019308943089430895
0 0.31323529411764706 0.8551829268292683 0.061764705882352944 0.019308943089430895