0 0.6139705882352942 0.42987804878048785 0.06911764705882353 0.014227642276422765
0 0.8933823529411764 0.6763211382113822 0.0838235294117647 0.017276422764227643
0 0.14338235294117646 0.8800813008130082 0.06323529411764706 0.020325203252032523
0 0.14411764705882352 0.9258130081300814 0.05 0.016260162601626018
0 0.42058823529411765 0.8948170731707318 0.09117647058823529 0.019308943089430895
0 0.1610294117647059 0.4202235772357724 0.057352941176470586 0.015243902439024392
0 0.3860294117647059 0.9552845528455286 0.08676470588235294 0.03658536585365854
0 0.1264705882352941 0.8719512195121952 0.08823529411764705 0.03658536585365854
0 0.8904411764705882 0.79369918699187 0.057352941176470586 0.016260162601626018
0 0.3014705882352941 0.49745934959349597 0.058823529411764705 0.027439024390243906
0 0.6985294117647058 0.4781504065040651 0.06764705882352941 0.03556910569105692
0 0.7698529411764706 0.5259146341463415 0.057352941176470586 0.05386178861788619
0 0.8580882352941176 0.45071138211382117 0.051470588235294115 0.04166666666666667
1 0.18235294117647058 0.9557926829268294 0.1 0.027439024390243906
1 0.14705882352941177 0.7479674796747968 0.029411764705882353 0.05081300813008131