0 0.10382916053019145 0.6535087719298245 0.06332842415316642 0.03216374269005848
1 0.3600883652430044 0.7755847953216374 0.09572901325478644 0.024853801169590642
0 0.430780559646539 0.8296783625730993 0.07511045655375552 0.019005847953216373
0 0.0780559646539028 0.8669590643274854 0.047128129602356406 0.014619883040935672
1 0.48306332842415317 0.7404970760233918 0.11192930780559646 0.033625730994152045
0 0.17893961708394698 0.7711988304093567 0.045655375552282766 0.019005847953216373
0 0.2231222385861561 0.9488304093567251 0.039764359351988215 0.02046783625730994
0 0.24005891016200295 0.9239766081871345 0.05596465390279823 0.023391812865497075
0 0.07952871870397643 0.7192982456140351 0.050073637702503684 0.02631578947368421
0 0.14285714285714285 0.8157894736842105 0.061855670103092786 0.049707602339181284
0 0.09499263622974963 0.8143274853801169 0.036818851251840944 0.029239766081871343
0 0.19882179675994108 0.8121345029239766 0.035346097201767304 0.024853801169590642