0 0.7705882352941177 0.8866869918699188 0.11176470588235293 0.02947154471544716
0 0.21029411764705883 0.9466463414634148 0.07941176470588235 0.015243902439024392
0 0.40955882352941175 0.8125000000000001 0.08970588235294118 0.017276422764227643
0 0.2463235294117647 0.6468495934959351 0.057352941176470586 0.015243902439024392
0 0.4852941176470588 0.7408536585365855 0.052941176470588235 0.014227642276422765
0 0.19926470588235293 0.728658536585366 0.0661764705882353 0.016260162601626018
0 0.1514705882352941 0.8196138211382115 0.07352941176470588 0.025406504065040653
0 0.14411764705882352 0.7540650406504066 0.07941176470588235 0.02845528455284553
0 0.31691176470588234 0.690548780487805 0.051470588235294115 0.0233739837398374
0 0.23602941176470588 0.8902439024390245 0.09264705882352942 0.034552845528455285
1 0.4022058823529412 0.9044715447154472 0.20735294117647057 0.03658536585365854
1 0.6477941176470589 0.9359756097560976 0.07794117647058824 0.02845528455284553
0 0.1426470588235294 0.9273373983739839 0.10294117647058823 0.027439024390243906
0 0.1125 0.8958333333333335 0.09852941176470588 0.02947154471544716