0 0.8544117647058823 0.801829268292683 0.07352941176470588 0.016260162601626018
0 0.7639705882352941 0.7825203252032521 0.07205882352941176 0.01829268292682927
0 0.40147058823529413 0.7708333333333334 0.07941176470588235 0.015243902439024392
0 0.45441176470588235 0.924288617886179 0.07352941176470588 0.021341463414634148
0 0.7404411764705883 0.7063008130081302 0.07794117647058824 0.016260162601626018
0 0.4404411764705882 0.8389227642276423 0.07205882352941176 0.015243902439024392
0 0.850735294117647 0.6316056910569107 0.054411764705882354 0.02947154471544716
0 0.6955882352941176 0.7703252032520326 0.07941176470588235 0.014227642276422765
0 0.34338235294117647 0.753048780487805 0.07205882352941176 0.020325203252032523
0 0.19926470588235293 0.9288617886178863 0.1161764705882353 0.026422764227642278
0 0.8742647058823529 0.7621951219512196 0.11911764705882352 0.034552845528455285
0 0.9139705882352941 0.622459349593496 0.039705882352941174 0.025406504065040653
0 0.3352941176470588 0.6336382113821138 0.14411764705882352 0.03150406504065041
0 0.1 0.6204268292682927 0.061764705882352944 0.027439024390243906
0 0.7977941176470588 0.9466463414634148 0.1338235294117647 0.03556910569105692
0 0.8624999999999999 0.8673780487804879 0.03676470588235294 0.025406504065040653
0 0.8514705882352941 0.8917682926829269 0.029411764705882353 0.009146341463414635
1 0.5625 0.9319105691056911 0.12794117647058822 0.030487804878048783
0 0.6404411764705882 0.9054878048780489 0.039705882352941174 0.008130081300813009
1 0.3191176470588235 0.9679878048780489 0.08529411764705883 0.025406504065040653
0 0.2286764705882353 0.9009146341463415 0.03676470588235294 0.013211382113821139
1 0.3838235294117647 0.9598577235772359 0.17352941176470588 0.05589430894308944