0 0.1625 0.5162601626016261 0.0661764705882353 0.020325203252032523
0 0.2088235294117647 0.7327235772357724 0.07058823529411765 0.026422764227642278
0 0.6786764705882353 0.4939024390243903 0.08970588235294118 0.016260162601626018
0 0.3801470588235294 0.5116869918699187 0.075 0.015243902439024392
0 0.5580882352941177 0.508130081300813 0.060294117647058824 0.016260162601626018
0 0.6051470588235294 0.5467479674796748 0.07205882352941176 0.020325203252032523
0 0.8441176470588235 0.9232723577235773 0.07941176470588235 0.027439024390243906
0 0.16838235294117646 0.6382113821138212 0.075 0.022357723577235776
0 0.06544117647058824 0.44918699186991873 0.045588235294117645 0.012195121951219513
0 0.4051470588235294 0.9481707317073171 0.0661764705882353 0.016260162601626018
0 0.3073529411764706 0.6732723577235773 0.055882352941176466 0.015243902439024392
0 0.09779411764705882 0.6138211382113822 0.04264705882352941 0.03861788617886179
0 0.1411764705882353 0.6732723577235773 0.044117647058823525 0.03556910569105692