0 0.0875 0.6173780487804879 0.06911764705882353 0.021341463414634148
0 0.32794117647058824 0.6570121951219513 0.06470588235294117 0.013211382113821139
0 0.3029411764705882 0.6432926829268293 0.06764705882352941 0.030487804878048783
0 0.2536764705882353 0.8587398373983741 0.06323529411764706 0.024390243902439025
0 0.3316176470588235 0.8917682926829269 0.07205882352941176 0.015243902439024392
0 0.9330882352941177 0.6300813008130082 0.057352941176470586 0.024390243902439025
0 0.13308823529411765 0.6453252032520326 0.054411764705882354 0.014227642276422765
0 0.09779411764705882 0.8516260162601627 0.04264705882352941 0.01829268292682927
0 0.19338235294117648 0.8734756097560976 0.051470588235294115 0.017276422764227643
0 0.10955882352941176 0.5660569105691058 0.04852941176470588 0.014227642276422765
0 0.061764705882352944 0.565548780487805 0.023529411764705882 0.021341463414634148