0 0.11413843888070692 0.8925438596491228 0.048600883652430045 0.024853801169590642
0 0.7326951399116347 0.9334795321637427 0.060382916053019146 0.021929824561403508
0 0.24742268041237114 0.9035087719298245 0.07363770250368189 0.02046783625730994
0 0.9182621502209131 0.7975146198830408 0.048600883652430045 0.019005847953216373
0 0.8652430044182622 0.9195906432748537 0.05154639175257732 0.029239766081871343
0 0.4793814432989691 0.9042397660818713 0.07511045655375552 0.024853801169590642
0 0.8652430044182622 0.9685672514619883 0.054491899852724596 0.019005847953216373
0 0.898379970544919 0.908625730994152 0.05596465390279823 0.03654970760233918
0 0.06995581737849779 0.8464912280701754 0.045655375552282766 0.049707602339181284
0 0.4057437407952872 0.7814327485380117 0.06332842415316642 0.05701754385964912
0 0.9609720176730486 0.7704678362573099 0.036818851251840944 0.038011695906432746
1 0.6516936671575847 0.8245614035087718 0.15758468335787923 0.049707602339181284
0 0.18335787923416788 0.8296783625730993 0.048600883652430045 0.021929824561403508