0 0.7452135493372607 0.702485380116959 0.07658321060382917 0.024853801169590642
0 0.788659793814433 0.554093567251462 0.08100147275405008 0.02046783625730994
0 0.8497790868924889 0.706140350877193 0.06480117820324005 0.03508771929824561
0 0.8910162002945508 0.7997076023391813 0.06774668630338733 0.029239766081871343
0 0.7466863033873343 0.8801169590643274 0.06774668630338733 0.023391812865497075
0 0.6671575846833578 0.8340643274853801 0.061855670103092786 0.03654970760233918
0 0.6693667157584683 0.5504385964912281 0.10456553755522828 0.04239766081871345
0 0.8350515463917526 0.7660818713450293 0.05596465390279823 0.02631578947368421
0 0.768041237113402 0.6169590643274854 0.05743740795287187 0.023391812865497075
0 0.19366715758468336 0.9283625730994152 0.06921944035346098 0.02046783625730994
0 0.15979381443298968 0.9093567251461988 0.0898379970544919 0.04093567251461988
0 0.6818851251840943 0.6308479532163742 0.12665684830633284 0.05116959064327485
0 0.6568483063328424 0.665204678362573 0.08541973490427099 0.049707602339181284
0 0.16789396170839468 0.7339181286549707 0.050073637702503684 0.038011695906432746
0 0.15095729013254786 0.1067251461988304 0.08394698085419734 0.07602339181286549
0 0.759941089837997 0.8267543859649122 0.06480117820324005 0.04532163742690058
0 0.12076583210603829 0.9619883040935672 0.04418262150220913 0.02631578947368421