0 0.5595588235294118 0.5132113821138212 0.06323529411764706 0.014227642276422765
0 0.6375 0.49288617886178865 0.07205882352941176 0.014227642276422765
0 0.8051470588235294 0.5315040650406505 0.07794117647058824 0.014227642276422765
0 0.7382352941176471 0.5696138211382115 0.052941176470588235 0.015243902439024392
0 0.8242647058823529 0.6788617886178863 0.07205882352941176 0.02845528455284553
0 0.7522058823529412 0.4989837398373984 0.08970588235294118 0.016260162601626018
0 0.6669117647058823 0.5558943089430894 0.060294117647058824 0.01829268292682927
0 0.6029411764705882 0.5370934959349594 0.06470588235294117 0.011178861788617888
0 0.6536764705882353 0.5116869918699187 0.075 0.019308943089430895
0 0.7977941176470588 0.49288617886178865 0.045588235294117645 0.014227642276422765
0 0.6654411764705882 0.5726626016260163 0.04264705882352941 0.013211382113821139
0 0.5992647058823529 0.5538617886178863 0.054411764705882354 0.016260162601626018