0 0.2709867452135493 0.8728070175438596 0.05596465390279823 0.017543859649122806
0 0.1296023564064801 0.8823099415204678 0.05891016200294551 0.021929824561403508
0 0.15758468335787923 0.9210526315789473 0.053019145802650956 0.02046783625730994
0 0.2312223858615611 0.8479532163742689 0.05891016200294551 0.02046783625730994
0 0.6804123711340206 0.9071637426900584 0.07952871870397643 0.019005847953216373
0 0.15463917525773196 0.9576023391812865 0.06480117820324005 0.02046783625730994
0 0.23195876288659795 0.915204678362573 0.0780559646539028 0.029239766081871343
0 0.3556701030927835 0.9232456140350876 0.09278350515463918 0.027777777777777776
0 0.5795287187039764 0.942251461988304 0.06332842415316642 0.03070175438596491
0 0.07511045655375552 0.6118421052631579 0.029455081001472753 0.03654970760233918
0 0.8622974963181148 0.8691520467836257 0.045655375552282766 0.033625730994152045
0 0.8969072164948454 0.9327485380116959 0.035346097201767304 0.029239766081871343
1 0.2496318114874816 0.9576023391812865 0.030927835051546393 0.02046783625730994