0 0.5875 0.7967479674796749 0.08970588235294118 0.020325203252032523
0 0.8007352941176471 0.9039634146341464 0.08088235294117647 0.017276422764227643
0 0.7139705882352941 0.848069105691057 0.04852941176470588 0.021341463414634148
0 0.3625 0.6199186991869919 0.0661764705882353 0.012195121951219513
0 0.34411764705882353 0.8612804878048781 0.05 0.017276422764227643
0 0.7147058823529412 0.8084349593495935 0.07352941176470588 0.021341463414634148
1 0.1764705882352941 0.6859756097560976 0.1323529411764706 0.04065040650406505
1 0.2588235294117647 0.6829268292682927 0.03823529411764706 0.05487804878048781
1 0.21911764705882353 0.8048780487804879 0.026470588235294117 0.024390243902439025
1 0.1536764705882353 0.8714430894308944 0.03676470588235294 0.05386178861788619
1 0.2389705882352941 0.9547764227642277 0.04264705882352941 0.027439024390243906