0 0.16494845360824742 0.8837719298245613 0.06480117820324005 0.03070175438596491
0 0.24079528718703977 0.9064327485380117 0.06332842415316642 0.02631578947368421
0 0.1296023564064801 0.9108187134502923 0.047128129602356406 0.023391812865497075
0 0.19882179675994108 0.8245614035087718 0.09131075110456553 0.05263157894736842
0 0.585419734904271 0.7711988304093567 0.08394698085419734 0.021929824561403508
0 0.3689248895434462 0.7002923976608186 0.0662739322533137 0.03508771929824561
0 0.0979381443298969 0.8472222222222222 0.05154639175257732 0.021929824561403508
0 0.6921944035346097 0.7638888888888888 0.041237113402061855 0.027777777777777776
0 0.8144329896907216 0.8472222222222222 0.041237113402061855 0.019005847953216373
0 0.13549337260677466 0.5343567251461988 0.061855670103092786 0.05116959064327485
0 0.06480117820324005 0.27850877192982454 0.032400589101620025 0.04824561403508772
0 0.0898379970544919 0.7251461988304093 0.029455081001472753 0.04093567251461988
0 0.13475699558173784 0.6739766081871345 0.042709867452135494 0.02631578947368421