0 0.8382352941176471 0.7057926829268294 0.09705882352941177 0.0233739837398374
0 0.5125 0.654979674796748 0.07794117647058824 0.015243902439024392
0 0.6867647058823529 0.5909552845528456 0.08823529411764705 0.015243902439024392
0 0.7889705882352941 0.5736788617886179 0.06323529411764706 0.013211382113821139
0 0.8169117647058823 0.6310975609756099 0.0661764705882353 0.016260162601626018
0 0.6830882352941177 0.7865853658536586 0.06323529411764706 0.024390243902439025
0 0.7470588235294118 0.7261178861788619 0.058823529411764705 0.015243902439024392
0 0.5036764705882353 0.551829268292683 0.08676470588235294 0.01829268292682927
0 0.524264705882353 0.5828252032520326 0.10147058823529412 0.03353658536585366
0 0.8551470588235294 0.758130081300813 0.06911764705882353 0.026422764227642278
0 0.6588235294117647 0.9100609756097562 0.09411764705882353 0.021341463414634148
0 0.7573529411764706 0.7525406504065042 0.07352941176470588 0.019308943089430895
0 0.6823529411764706 0.529979674796748 0.055882352941176466 0.021341463414634148
0 0.7683823529411764 0.9441056910569107 0.04264705882352941 0.022357723577235776
0 0.8602941176470588 0.9308943089430896 0.05 0.024390243902439025