0 0.7260677466863034 0.894736842105263 0.05596465390279823 0.017543859649122806
0 0.15022091310751104 0.8428362573099415 0.053019145802650956 0.01608187134502924
0 0.22091310751104565 0.8888888888888888 0.05891016200294551 0.02046783625730994
0 0.6907216494845361 0.8625730994152047 0.07069219440353461 0.02046783625730994
0 0.24005891016200295 0.9232456140350876 0.047128129602356406 0.021929824561403508
0 0.3431516936671576 0.9035087719298245 0.053019145802650956 0.017543859649122806
0 0.5007363770250368 0.8823099415204678 0.05596465390279823 0.021929824561403508
0 0.3674521354933726 0.5255847953216374 0.12812960235640647 0.04824561403508772
0 0.15463917525773196 0.9459064327485379 0.047128129602356406 0.02046783625730994
0 0.8622974963181148 0.9415204678362572 0.06921944035346098 0.03216374269005848
1 0.3078055964653903 0.6425438596491228 0.06480117820324005 0.04824561403508772
0 0.12297496318114874 0.527046783625731 0.0662739322533137 0.04532163742690058
0 0.10677466863033873 0.8187134502923976 0.042709867452135494 0.04093567251461988
1 0.5876288659793815 0.9210526315789473 0.04418262150220913 0.02046783625730994
0 0.14138438880706922 0.902046783625731 0.03829160530191458 0.06140350877192982