0 0.6985294117647058 0.831808943089431 0.061764705882352944 0.013211382113821139
0 0.7852941176470588 0.7886178861788619 0.052941176470588235 0.012195121951219513
0 0.1338235294117647 0.8246951219512196 0.07058823529411765 0.019308943089430895
0 0.26323529411764707 0.9156504065040652 0.058823529411764705 0.01829268292682927
0 0.8602941176470588 0.9029471544715448 0.05 0.015243902439024392
0 0.18308823529411763 0.7982723577235773 0.08088235294117647 0.017276422764227643
0 0.1948529411764706 0.8023373983739839 0.054411764705882354 0.013211382113821139
0 0.20735294117647057 0.4588414634146342 0.055882352941176466 0.015243902439024392
0 0.4823529411764706 0.9517276422764228 0.055882352941176466 0.017276422764227643
0 0.1698529411764706 0.43038617886178865 0.04852941176470588 0.011178861788617888
0 0.13088235294117648 0.8719512195121952 0.07352941176470588 0.024390243902439025
0 0.19044117647058822 0.926829268292683 0.06911764705882353 0.020325203252032523
0 0.9183823529411764 0.7129065040650407 0.057352941176470586 0.03150406504065041
0 0.1514705882352941 0.7926829268292683 0.055882352941176466 0.016260162601626018
0 0.12426470588235294 0.4441056910569106 0.030882352941176472 0.030487804878048783