0 0.7669117647058823 0.43750000000000006 0.075 0.015243902439024392
0 0.10882352941176471 0.6239837398373984 0.058823529411764705 0.012195121951219513
0 0.7316176470588235 0.9334349593495936 0.060294117647058824 0.013211382113821139
0 0.14558823529411766 0.6504065040650407 0.07058823529411765 0.020325203252032523
0 0.7205882352941176 0.6590447154471546 0.1323529411764706 0.03556910569105692
0 0.17720588235294119 0.8185975609756099 0.045588235294117645 0.013211382113821139
0 0.1801470588235294 0.9451219512195123 0.054411764705882354 0.016260162601626018
0 0.32426470588235295 0.9329268292682927 0.054411764705882354 0.016260162601626018
0 0.20294117647058824 0.5254065040650407 0.058823529411764705 0.010162601626016262
0 0.3573529411764706 0.4471544715447155 0.06764705882352941 0.01829268292682927
0 0.4360294117647059 0.49593495934959353 0.06911764705882353 0.022357723577235776
0 0.09411764705882353 0.5848577235772359 0.032352941176470584 0.02947154471544716
0 0.31176470588235294 0.9019308943089431 0.08823529411764705 0.025406504065040653
0 0.44191176470588234 0.9476626016260163 0.08970588235294118 0.03150406504065041
0 0.1801470588235294 0.9171747967479675 0.09264705882352942 0.0233739837398374
1 0.34558823529411764 0.9593495934959351 0.10882352941176471 0.022357723577235776
1 0.6360294117647058 0.9237804878048781 0.12794117647058822 0.026422764227642278
0 0.2 0.9258130081300814 0.055882352941176466 0.014227642276422765
0 0.08897058823529412 0.8663617886178863 0.045588235294117645 0.017276422764227643
0 0.12058823529411765 0.7769308943089431 0.03529411764705882 0.03150406504065041