0 0.26176470588235295 0.5025406504065041 0.08529411764705883 0.021341463414634148
0 0.8338235294117647 0.9151422764227644 0.08235294117647059 0.025406504065040653
0 0.1801470588235294 0.5477642276422765 0.051470588235294115 0.022357723577235776
0 0.8772058823529412 0.9603658536585367 0.054411764705882354 0.014227642276422765
0 0.8654411764705883 0.7713414634146343 0.057352941176470586 0.014227642276422765
0 0.8639705882352942 0.7977642276422765 0.045588235294117645 0.012195121951219513
0 0.5963235294117647 0.8567073170731708 0.25735294117647056 0.0467479674796748
1 0.5830882352941177 0.4080284552845529 0.075 0.03150406504065041
0 0.7647058823529411 0.3272357723577236 0.055882352941176466 0.03658536585365854
0 0.12058823529411765 0.5650406504065041 0.032352941176470584 0.020325203252032523
1 0.18676470588235294 0.6438008130081302 0.032352941176470584 0.03556910569105692
0 0.10588235294117647 0.7042682926829269 0.052941176470588235 0.042682926829268296