0 0.4566176470588235 0.9695121951219513 0.06323529411764706 0.01829268292682927
0 0.2889705882352941 0.9222560975609757 0.075 0.021341463414634148
0 0.3536764705882353 0.8582317073170732 0.07794117647058824 0.017276422764227643
0 0.2536764705882353 0.7754065040650407 0.054411764705882354 0.022357723577235776
0 0.3941176470588235 0.565548780487805 0.1264705882352941 0.021341463414634148
0 0.48823529411764705 0.8201219512195123 0.09117647058823529 0.034552845528455285
0 0.47941176470588237 0.8307926829268294 0.1 0.027439024390243906
0 0.4889705882352941 0.8119918699186993 0.075 0.020325203252032523
0 0.15588235294117647 0.5203252032520326 0.03823529411764706 0.04065040650406505
0 0.09852941176470588 0.5162601626016261 0.044117647058823525 0.030487804878048783
0 0.22426470588235295 0.9441056910569107 0.054411764705882354 0.01829268292682927
0 0.1514705882352941 0.831808943089431 0.03823529411764706 0.019308943089430895