0 0.6966126656848306 0.8399122807017544 0.06774668630338733 0.01608187134502924
0 0.07363770250368189 0.6805555555555555 0.05596465390279823 0.021929824561403508
0 0.304860088365243 0.9239766081871345 0.053019145802650956 0.02046783625730994
0 0.08026509572901325 0.8801169590643274 0.06332842415316642 0.023391812865497075
0 0.10235640648011782 0.6103801169590642 0.05154639175257732 0.033625730994152045
0 0.1170839469808542 0.9378654970760233 0.048600883652430045 0.027777777777777776
0 0.5301914580265096 0.9451754385964912 0.047128129602356406 0.01608187134502924
0 0.5331369661266568 0.861111111111111 0.05596465390279823 0.02631578947368421
1 0.4926362297496318 0.8998538011695906 0.054491899852724596 0.021929824561403508
1 0.3586156111929308 0.9605263157894737 0.054491899852724596 0.02046783625730994
1 0.24594992636229748 0.9649122807017543 0.05891016200294551 0.023391812865497075
1 0.13475699558173784 0.9678362573099415 0.045655375552282766 0.02046783625730994
0 0.10677466863033873 0.8706140350877193 0.039764359351988215 0.021929824561403508