0 0.8286764705882352 0.5772357723577236 0.07205882352941176 0.022357723577235776
0 0.16323529411764706 0.5020325203252033 0.07058823529411765 0.020325203252032523
0 0.12426470588235294 0.46951219512195125 0.07205882352941176 0.016260162601626018
0 0.47573529411764703 0.521849593495935 0.07794117647058824 0.015243902439024392
0 0.6198529411764706 0.8816056910569107 0.09852941176470588 0.025406504065040653
0 0.6558823529411765 0.6072154471544716 0.07941176470588235 0.025406504065040653
0 0.8419117647058824 0.8109756097560976 0.0838235294117647 0.020325203252032523
0 0.3558823529411765 0.5894308943089431 0.05 0.014227642276422765
0 0.8698529411764706 0.7627032520325204 0.0838235294117647 0.019308943089430895
0 0.8897058823529411 0.7342479674796749 0.06470588235294117 0.017276422764227643
0 0.763235294117647 0.878048780487805 0.13529411764705881 0.032520325203252036
1 0.7264705882352941 0.8323170731707318 0.1264705882352941 0.034552845528455285
1 0.8566176470588235 0.8556910569105692 0.051470588235294115 0.052845528455284556
0 0.11911764705882352 0.5497967479674797 0.047058823529411764 0.042682926829268296
0 0.14338235294117646 0.5807926829268293 0.039705882352941174 0.03353658536585366