0 0.14580265095729014 0.8282163742690059 0.06774668630338733 0.024853801169590642
0 0.9322533136966127 0.7865497076023391 0.061855670103092786 0.02046783625730994
0 0.9204712812960235 0.8684210526315789 0.061855670103092786 0.02046783625730994
0 0.2385861561119293 0.9217836257309941 0.05596465390279823 0.01608187134502924
0 0.2709867452135493 0.9583333333333333 0.05596465390279823 0.019005847953216373
0 0.14138438880706922 0.9064327485380117 0.05891016200294551 0.017543859649122806
0 0.8321060382916052 0.6352339181286549 0.06480117820324005 0.04239766081871345
0 0.9204712812960235 0.8230994152046783 0.047128129602356406 0.017543859649122806
0 0.07290132547864507 0.8567251461988303 0.048600883652430045 0.049707602339181284
0 0.14138438880706922 0.9283625730994152 0.05596465390279823 0.02046783625730994
0 0.885861561119293 0.4809941520467836 0.0780559646539028 0.029239766081871343
0 0.9175257731958762 0.418859649122807 0.07658321060382917 0.033625730994152045