0 0.6958762886597938 0.7258771929824561 0.08100147275405008 0.021929824561403508
0 0.1480117820324006 0.7302631578947368 0.05743740795287187 0.021929824561403508
0 0.10898379970544919 0.6710526315789473 0.053019145802650956 0.03216374269005848
0 0.4300441826215022 0.8852339181286549 0.07658321060382917 0.019005847953216373
0 0.3954344624447717 0.837719298245614 0.0780559646539028 0.03216374269005848
0 0.735640648011782 0.679093567251462 0.08100147275405008 0.019005847953216373
0 0.11192930780559646 0.9108187134502923 0.053019145802650956 0.023391812865497075
0 0.5589101620029455 0.8896198830409356 0.0780559646539028 0.024853801169590642
0 0.2960235640648012 0.8896198830409356 0.07363770250368189 0.027777777777777776
0 0.24889543446244478 0.915204678362573 0.09425625920471281 0.029239766081871343
0 0.36229749631811486 0.9364035087719298 0.07069219440353461 0.039473684210526314
1 0.12739322533136965 0.9532163742690059 0.06332842415316642 0.02046783625730994
1 0.2260677466863034 0.9298245614035088 0.05154639175257732 0.017543859649122806