0 0.18088235294117647 0.946138211382114 0.061764705882352944 0.014227642276422765
0 0.2727941176470588 0.9527439024390245 0.08676470588235294 0.019308943089430895
0 0.24705882352941178 0.8333333333333334 0.07058823529411765 0.026422764227642278
0 0.5926470588235294 0.8922764227642277 0.06470588235294117 0.020325203252032523
0 0.22352941176470587 0.8663617886178863 0.061764705882352944 0.017276422764227643
0 0.6772058823529412 0.5248983739837398 0.075 0.0233739837398374
0 0.13823529411764707 0.6651422764227642 0.09117647058823529 0.04166666666666667
0 0.37279411764705883 0.9222560975609757 0.1338235294117647 0.027439024390243906
0 0.17794117647058824 0.815548780487805 0.052941176470588235 0.011178861788617888
0 0.2985294117647059 0.8897357723577237 0.047058823529411764 0.019308943089430895
0 0.23455882352941176 0.9120934959349595 0.045588235294117645 0.021341463414634148
0 0.8639705882352942 0.592479674796748 0.039705882352941174 0.05487804878048781
0 0.11397058823529412 0.8663617886178863 0.04264705882352941 0.04573170731707318
1 0.3948529411764706 0.9654471544715448 0.06911764705882353 0.022357723577235776