0 0.1463235294117647 0.47154471544715454 0.0661764705882353 0.014227642276422765
0 0.6720588235294117 0.8170731707317074 0.06470588235294117 0.01829268292682927
0 0.6867647058823529 0.739329268292683 0.11176470588235293 0.025406504065040653
0 0.7977941176470588 0.7525406504065042 0.0838235294117647 0.0233739837398374
0 0.16544117647058823 0.7220528455284554 0.07205882352941176 0.017276422764227643
0 0.17279411764705882 0.6742886178861789 0.0661764705882353 0.019308943089430895
0 0.5441176470588235 0.7500000000000001 0.07941176470588235 0.026422764227642278
0 0.8661764705882353 0.777439024390244 0.08235294117647059 0.01829268292682927
0 0.8588235294117647 0.8882113821138212 0.058823529411764705 0.016260162601626018
0 0.21985294117647058 0.6758130081300814 0.051470588235294115 0.020325203252032523
0 0.6477941176470589 0.8668699186991871 0.051470588235294115 0.014227642276422765
0 0.11397058823529412 0.5736788617886179 0.033823529411764704 0.037601626016260166
0 0.6602941176470588 0.9095528455284554 0.10882352941176471 0.024390243902439025