0 0.4235294117647059 0.9263211382113822 0.052941176470588235 0.013211382113821139
0 0.7301470588235294 0.8241869918699188 0.07205882352941176 0.014227642276422765
0 0.9117647058823529 0.6676829268292683 0.07941176470588235 0.024390243902439025
0 0.4985294117647059 0.9441056910569107 0.06764705882352941 0.01829268292682927
0 0.49779411764705883 0.8968495934959351 0.060294117647058824 0.019308943089430895
0 0.775 0.9471544715447155 0.052941176470588235 0.012195121951219513
0 0.6955882352941176 0.8739837398373985 0.08823529411764705 0.020325203252032523
0 0.8742647058823529 0.7372967479674798 0.075 0.019308943089430895
0 0.6713235294117647 0.9176829268292684 0.054411764705882354 0.020325203252032523
0 0.375 0.8805894308943091 0.047058823529411764 0.021341463414634148
0 0.13308823529411765 0.9019308943089431 0.027941176470588233 0.017276422764227643