0 0.654639175257732 0.6659356725146198 0.08100147275405008 0.024853801169590642
0 0.7091310751104566 0.9071637426900584 0.0662739322533137 0.021929824561403508
0 0.9079528718703976 0.6184210526315789 0.0898379970544919 0.02631578947368421
0 0.7960235640648011 0.7653508771929824 0.0662739322533137 0.019005847953216373
0 0.821060382916053 0.6557017543859649 0.060382916053019146 0.021929824561403508
0 0.26804123711340205 0.560672514619883 0.07658321060382917 0.019005847953216373
0 0.8556701030927835 0.7945906432748537 0.07952871870397643 0.027777777777777776
0 0.4521354933726068 0.7156432748538011 0.12076583210603829 0.04239766081871345
0 0.0979381443298969 0.5489766081871345 0.039764359351988215 0.07748538011695906
0 0.1332842415316642 0.38961988304093564 0.054491899852724596 0.04239766081871345
0 0.893961708394698 0.8457602339181286 0.1325478645066274 0.06286549707602339
0 0.10898379970544919 0.7478070175438596 0.06480117820324005 0.059941520467836254
0 0.1406480117820324 0.7141812865497076 0.030927835051546393 0.04239766081871345
1 0.12076583210603829 0.41154970760233917 0.020618556701030927 0.059941520467836254