0 0.5235294117647059 0.5066056910569107 0.08235294117647059 0.013211382113821139
0 0.8948529411764706 0.5564024390243903 0.07794117647058824 0.017276422764227643
0 0.7625 0.5538617886178863 0.0661764705882353 0.012195121951219513
0 0.8860294117647058 0.6092479674796749 0.057352941176470586 0.013211382113821139
0 0.6227941176470588 0.49949186991869926 0.057352941176470586 0.011178861788617888
0 0.7477941176470588 0.5746951219512195 0.075 0.013211382113821139
0 0.6875 0.5121951219512195 0.07205882352941176 0.012195121951219513
0 0.5573529411764706 0.5401422764227642 0.08529411764705883 0.017276422764227643
0 0.5316176470588235 0.41006097560975613 0.0838235294117647 0.015243902439024392
0 0.5161764705882352 0.46900406504065045 0.05 0.011178861788617888
0 0.5845588235294118 0.46189024390243905 0.060294117647058824 0.011178861788617888
0 0.47941176470588237 0.44512195121951226 0.05 0.01829268292682927
0 0.5051470588235294 0.4547764227642277 0.04264705882352941 0.017276422764227643
0 0.5433823529411764 0.5274390243902439 0.06911764705882353 0.016260162601626018