0 0.20661764705882352 0.5553861788617886 0.07205882352941176 0.019308943089430895
0 0.14926470588235294 0.5431910569105691 0.051470588235294115 0.011178861788617888
0 0.19044117647058822 0.9491869918699188 0.07205882352941176 0.020325203252032523
0 0.6882352941176471 0.9171747967479675 0.10294117647058823 0.025406504065040653
0 0.35955882352941176 0.7251016260162603 0.060294117647058824 0.0233739837398374
0 0.10294117647058823 0.6326219512195123 0.058823529411764705 0.015243902439024392
0 0.32941176470588235 0.9420731707317074 0.08235294117647059 0.02845528455284553
0 0.08823529411764705 0.5579268292682927 0.055882352941176466 0.020325203252032523
0 0.16176470588235295 0.9552845528455286 0.047058823529411764 0.01829268292682927
1 0.24338235294117647 0.7682926829268294 0.07205882352941176 0.03861788617886179
0 0.14411764705882352 0.5828252032520326 0.032352941176470584 0.0233739837398374