0 0.6897058823529412 0.8922764227642277 0.07352941176470588 0.030487804878048783
0 0.6698529411764705 0.622459349593496 0.075 0.0233739837398374
0 0.475 0.5685975609756098 0.1 0.021341463414634148
0 0.3463235294117647 0.5741869918699187 0.075 0.020325203252032523
0 0.5683823529411764 0.654979674796748 0.07794117647058824 0.019308943089430895
0 0.4926470588235294 0.6707317073170732 0.1 0.020325203252032523
0 0.11029411764705882 0.9080284552845529 0.05 0.013211382113821139
0 0.6044117647058823 0.9334349593495936 0.09117647058823529 0.03150406504065041
0 0.28602941176470587 0.8216463414634148 0.060294117647058824 0.019308943089430895
0 0.5963235294117647 0.9222560975609757 0.08676470588235294 0.019308943089430895
0 0.15514705882352942 0.7164634146341464 0.04852941176470588 0.03861788617886179
0 0.07941176470588235 0.3663617886178862 0.032352941176470584 0.037601626016260166