0 0.6683823529411764 0.5543699186991871 0.06323529411764706 0.0233739837398374
0 0.4264705882352941 0.5782520325203253 0.1 0.02845528455284553
0 0.9073529411764706 0.7164634146341464 0.07647058823529412 0.01829268292682927
0 0.525 0.6158536585365855 0.10882352941176471 0.026422764227642278
0 0.6205882352941177 0.6351626016260163 0.05 0.020325203252032523
0 0.7786764705882353 0.46087398373983746 0.057352941176470586 0.015243902439024392
0 0.8205882352941176 0.4984756097560976 0.044117647058823525 0.027439024390243906
0 0.7816176470588235 0.44512195121951226 0.13676470588235293 0.030487804878048783
1 0.3301470588235294 0.6610772357723578 0.075 0.015243902439024392
0 0.10882352941176471 0.7002032520325204 0.052941176470588235 0.034552845528455285
0 0.14705882352941177 0.9334349593495936 0.06764705882352941 0.019308943089430895