0 0.7735294117647059 0.5711382113821138 0.09117647058823529 0.024390243902439025
0 0.8389705882352941 0.4862804878048781 0.06323529411764706 0.017276422764227643
0 0.10808823529411765 0.9288617886178863 0.054411764705882354 0.022357723577235776
0 0.23308823529411765 0.7367886178861789 0.054411764705882354 0.016260162601626018
0 0.6470588235294118 0.8841463414634148 0.08823529411764705 0.022357723577235776
0 0.6029411764705882 0.6316056910569107 0.09117647058823529 0.021341463414634148
0 0.14558823529411766 0.7931910569105692 0.058823529411764705 0.017276422764227643
0 0.7808823529411765 0.6453252032520326 0.1323529411764706 0.03861788617886179
0 0.5639705882352941 0.6910569105691058 0.06323529411764706 0.024390243902439025
0 0.16838235294117646 0.96239837398374 0.10147058823529412 0.026422764227642278
0 0.875 0.71239837398374 0.06470588235294117 0.020325203252032523
0 0.8852941176470588 0.9578252032520326 0.058823529411764705 0.021341463414634148
0 0.44338235294117645 0.9684959349593497 0.045588235294117645 0.012195121951219513
0 0.10441176470588236 0.883638211382114 0.08529411764705883 0.021341463414634148
1 0.4235294117647059 0.7383130081300814 0.1411764705882353 0.027439024390243906
0 0.19926470588235293 0.5619918699186992 0.04852941176470588 0.030487804878048783
0 0.1213235294117647 0.5045731707317074 0.045588235294117645 0.03150406504065041
0 0.14485294117647057 0.7698170731707318 0.039705882352941174 0.017276422764227643
1 0.47573529411764703 0.9070121951219513 0.10441176470588236 0.03963414634146342