0 0.3639705882352941 0.8079268292682927 0.07205882352941176 0.024390243902439025
0 0.15735294117647058 0.49491869918699194 0.07058823529411765 0.016260162601626018
0 0.12720588235294117 0.45630081300813014 0.054411764705882354 0.020325203252032523
0 0.7992647058823529 0.8993902439024392 0.06323529411764706 0.016260162601626018
0 0.19117647058823528 0.4751016260162602 0.06764705882352941 0.011178861788617888
0 0.7838235294117647 0.8064024390243903 0.10882352941176471 0.03353658536585366
0 0.17352941176470588 0.7408536585365855 0.047058823529411764 0.020325203252032523
0 0.1860294117647059 0.83739837398374 0.0838235294117647 0.01829268292682927
0 0.3463235294117647 0.7296747967479675 0.0838235294117647 0.02845528455284553
0 0.2566176470588235 0.7820121951219513 0.06911764705882353 0.021341463414634148
0 0.4375 0.7703252032520326 0.075 0.022357723577235776
0 0.10073529411764706 0.8572154471544716 0.07205882352941176 0.0233739837398374
0 0.20808823529411766 0.5731707317073171 0.04852941176470588 0.032520325203252036
1 0.43161764705882355 0.8866869918699188 0.09264705882352942 0.03353658536585366
1 0.2948529411764706 0.8963414634146343 0.0838235294117647 0.026422764227642278
1 0.32794117647058824 0.9547764227642277 0.08529411764705883 0.02947154471544716
1 0.20073529411764707 0.9146341463414636 0.07205882352941176 0.034552845528455285
1 0.22205882352941175 0.9410569105691058 0.09117647058823529 0.022357723577235776
1 0.32426470588235295 0.924288617886179 0.09852941176470588 0.019308943089430895
1 0.1838235294117647 0.8114837398373984 0.1264705882352941 0.0233739837398374
1 0.46544117647058825 0.8587398373983741 0.11029411764705882 0.024390243902439025
1 0.35661764705882354 0.842479674796748 0.11323529411764706 0.030487804878048783
0 0.11470588235294117 0.8419715447154472 0.058823529411764705 0.019308943089430895
0 0.07867647058823529 0.581808943089431 0.027941176470588233 0.04369918699186992
0 0.10661764705882353 0.4161585365853659 0.033823529411764704 0.015243902439024392