0 0.7452135493372607 0.8406432748538011 0.07069219440353461 0.017543859649122806
0 0.8203240058910162 0.9027777777777777 0.08836524300441825 0.03070175438596491
0 0.7407952871870398 0.7222222222222222 0.05891016200294551 0.02046783625730994
0 0.20397643593519882 0.8998538011695906 0.05154639175257732 0.024853801169590642
0 0.3166421207658321 0.8903508771929824 0.06774668630338733 0.03216374269005848
0 0.4013254786450663 0.9100877192982456 0.0780559646539028 0.024853801169590642
0 0.46612665684830634 0.7807017543859649 0.054491899852724596 0.029239766081871343
0 0.5346097201767305 0.8004385964912281 0.10898379970544919 0.03070175438596491
0 0.13549337260677466 0.6184210526315789 0.032400589101620025 0.06140350877192982
0 0.1686303387334315 0.9305555555555555 0.048600883652430045 0.027777777777777776
0 0.0780559646539028 0.17909356725146197 0.05596465390279823 0.027777777777777776
0 0.727540500736377 0.9349415204678362 0.04418262150220913 0.024853801169590642