0 0.17352941176470588 0.5670731707317074 0.07058823529411765 0.014227642276422765
0 0.5338235294117647 0.5269308943089431 0.055882352941176466 0.013211382113821139
0 0.3316176470588235 0.4700203252032521 0.04852941176470588 0.017276422764227643
0 0.10220588235294117 0.5096544715447155 0.06323529411764706 0.019308943089430895
0 0.2213235294117647 0.6067073170731708 0.051470588235294115 0.016260162601626018
0 0.2051470588235294 0.6742886178861789 0.054411764705882354 0.021341463414634148
0 0.8742647058823529 0.9654471544715448 0.06323529411764706 0.02845528455284553
0 0.711764705882353 0.9293699186991871 0.06470588235294117 0.019308943089430895
0 0.2772058823529412 0.44105691056910573 0.060294117647058824 0.01829268292682927
0 0.12867647058823528 0.4883130081300813 0.045588235294117645 0.03150406504065041
0 0.13308823529411765 0.7139227642276423 0.025 0.04979674796747968
0 0.12205882352941176 0.8414634146341464 0.047058823529411764 0.034552845528455285
0 0.9301470588235294 0.5635162601626017 0.045588235294117645 0.04166666666666667