0 0.3136966126656848 0.9371345029239766 0.053019145802650956 0.017543859649122806
0 0.7569955817378498 0.8596491228070176 0.07658321060382917 0.023391812865497075
0 0.09867452135493372 0.8508771929824561 0.05891016200294551 0.03216374269005848
0 0.24742268041237114 0.7010233918128654 0.06774668630338733 0.024853801169590642
0 0.8306332842415316 0.9334795321637427 0.05596465390279823 0.024853801169590642
0 0.10972017673048601 0.8954678362573099 0.060382916053019146 0.024853801169590642
0 0.3475699558173785 0.7039473684210525 0.061855670103092786 0.03654970760233918
0 0.21723122238586157 0.7997076023391813 0.06332842415316642 0.03508771929824561
1 0.21281296023564064 0.9269005847953216 0.039764359351988215 0.03216374269005848
1 0.3240058910162003 0.8874269005847952 0.03829160530191458 0.03216374269005848
1 0.14212076583210603 0.9502923976608186 0.042709867452135494 0.029239766081871343
1 0.2768777614138439 0.9071637426900584 0.047128129602356406 0.027777777777777776