0 0.7860294117647059 0.638719512195122 0.0661764705882353 0.017276422764227643
0 0.14191176470588235 0.8038617886178863 0.07205882352941176 0.026422764227642278
0 0.8323529411764706 0.6148373983739838 0.05 0.014227642276422765
0 0.8132352941176471 0.8455284552845529 0.055882352941176466 0.024390243902439025
0 0.8191176470588235 0.7047764227642277 0.07352941176470588 0.019308943089430895
0 0.2889705882352941 0.7301829268292683 0.11029411764705882 0.02947154471544716
0 0.8213235294117647 0.6819105691056911 0.07205882352941176 0.016260162601626018
0 0.6536764705882353 0.8246951219512196 0.039705882352941174 0.009146341463414635
0 0.6051470588235294 0.5919715447154472 0.08970588235294118 0.021341463414634148
0 0.6301470588235294 0.9451219512195123 0.06323529411764706 0.012195121951219513
0 0.8889705882352941 0.7510162601626017 0.09264705882352942 0.026422764227642278
0 0.2838235294117647 0.9293699186991871 0.07058823529411765 0.0233739837398374
0 0.6948529411764706 0.9690040650406505 0.06911764705882353 0.015243902439024392
0 0.5698529411764706 0.940548780487805 0.045588235294117645 0.011178861788617888
0 0.8941176470588235 0.7134146341463415 0.044117647058823525 0.012195121951219513
0 0.2485294117647059 0.9639227642276423 0.07058823529411765 0.021341463414634148
0 0.513235294117647 0.6763211382113822 0.032352941176470584 0.007113821138211383
0 0.6911764705882353 0.9126016260162603 0.06470588235294117 0.01829268292682927
0 0.07279411764705883 0.5635162601626017 0.051470588235294115 0.025406504065040653
0 0.5992647058823529 0.9735772357723578 0.0661764705882353 0.014227642276422765