0 0.5618556701030928 0.6842105263157894 0.08689248895434462 0.04678362573099415
0 0.33136966126656847 0.7821637426900584 0.053019145802650956 0.023391812865497075
0 0.30412371134020616 0.7017543859649122 0.0662739322533137 0.03216374269005848
0 0.5913107511045655 0.7711988304093567 0.07216494845360824 0.021929824561403508
0 0.6848306332842415 0.7763157894736842 0.05596465390279823 0.017543859649122806
0 0.23784977908689248 0.935672514619883 0.048600883652430045 0.017543859649122806
0 0.16642120765832105 0.6052631578947368 0.05891016200294551 0.03508771929824561
0 0.5500736377025037 0.875 0.10456553755522828 0.05701754385964912
0 0.17304860088365243 0.7171052631578947 0.054491899852724596 0.05701754385964912
0 0.24153166421207659 0.9115497076023391 0.06480117820324005 0.024853801169590642
0 0.10235640648011782 0.7543859649122806 0.045655375552282766 0.043859649122807015
0 0.08762886597938144 0.3874269005847953 0.05154639175257732 0.04678362573099415
0 0.23564064801178203 0.6337719298245613 0.07069219440353461 0.04532163742690058