0 0.10220588235294117 0.4471544715447155 0.0661764705882353 0.016260162601626018
0 0.6977941176470588 0.9237804878048781 0.06323529411764706 0.016260162601626018
0 0.31691176470588234 0.8714430894308944 0.10147058823529412 0.0233739837398374
0 0.18676470588235294 0.9639227642276423 0.052941176470588235 0.015243902439024392
0 0.16838235294117646 0.3973577235772358 0.060294117647058824 0.014227642276422765
0 0.26691176470588235 0.9232723577235773 0.060294117647058824 0.015243902439024392
0 0.11544117647058823 0.5940040650406505 0.045588235294117645 0.013211382113821139
0 0.29411764705882354 0.7728658536585367 0.06764705882352941 0.019308943089430895
0 0.7389705882352942 0.9532520325203253 0.06323529411764706 0.01829268292682927
0 0.14852941176470588 0.3699186991869919 0.03823529411764706 0.024390243902439025
0 0.1875 0.6559959349593497 0.03676470588235294 0.0233739837398374
0 0.9139705882352941 0.8567073170731708 0.0661764705882353 0.042682926829268296