0 0.12720588235294117 0.8419715447154472 0.060294117647058824 0.0233739837398374
0 0.8014705882352942 0.7520325203252033 0.07647058823529412 0.022357723577235776
0 0.8286764705882352 0.6671747967479675 0.0661764705882353 0.013211382113821139
0 0.23970588235294119 0.9364837398373985 0.10588235294117647 0.025406504065040653
0 0.8066176470588236 0.7159552845528456 0.07794117647058824 0.015243902439024392
0 0.38235294117647056 0.8556910569105692 0.06764705882352941 0.024390243902439025
0 0.5786764705882352 0.5777439024390244 0.09264705882352942 0.017276422764227643
0 0.5110294117647058 0.883638211382114 0.08088235294117647 0.021341463414634148
0 0.9080882352941176 0.9080284552845529 0.057352941176470586 0.017276422764227643
0 0.17941176470588235 0.7804878048780488 0.058823529411764705 0.034552845528455285
0 0.8205882352941176 0.8460365853658538 0.07058823529411765 0.017276422764227643
0 0.9051470588235294 0.7225609756097562 0.04264705882352941 0.012195121951219513
0 0.1161764705882353 0.4888211382113822 0.047058823529411764 0.014227642276422765
0 0.13088235294117648 0.9344512195121952 0.052941176470588235 0.021341463414634148
0 0.7992647058823529 0.8302845528455285 0.07794117647058824 0.014227642276422765
0 0.875 0.8160569105691058 0.06764705882352941 0.01829268292682927
0 0.4904411764705882 0.831808943089431 0.04852941176470588 0.013211382113821139
0 0.3264705882352941 0.894308943089431 0.12352941176470589 0.04878048780487805
0 0.9029411764705882 0.842479674796748 0.07352941176470588 0.020325203252032523
0 0.5919117647058824 0.894308943089431 0.057352941176470586 0.012195121951219513