0 0.10898379970544919 0.6498538011695906 0.05891016200294551 0.033625730994152045
0 0.2930780559646539 0.8640350877192982 0.09131075110456553 0.02631578947368421
0 0.15758468335787923 0.8362573099415205 0.050073637702503684 0.023391812865497075
0 0.18851251840942562 0.7843567251461988 0.09425625920471281 0.033625730994152045
0 0.30633284241531666 0.9122807017543859 0.050073637702503684 0.014619883040935672
0 0.2268041237113402 0.6352339181286549 0.06480117820324005 0.03070175438596491
0 0.19293078055964655 0.8691520467836257 0.06774668630338733 0.019005847953216373
0 0.3475699558173785 0.9407894736842105 0.10014727540500737 0.027777777777777776
0 0.5294550810014728 0.4451754385964912 0.060382916053019146 0.054093567251461985
0 0.07363770250368189 0.827485380116959 0.035346097201767304 0.04678362573099415
0 0.0743740795287187 0.8728070175438596 0.05154639175257732 0.06140350877192982