0 0.5139911634756995 0.8530701754385964 0.07363770250368189 0.021929824561403508
0 0.8755522827687776 0.763157894736842 0.06332842415316642 0.029239766081871343
0 0.296759941089838 0.8654970760233918 0.07511045655375552 0.023391812865497075
0 0.703240058910162 0.8735380116959064 0.06332842415316642 0.021929824561403508
0 0.11782032400589101 0.6352339181286549 0.05596465390279823 0.024853801169590642
0 0.11634756995581738 0.7017543859649122 0.053019145802650956 0.02631578947368421
0 0.7010309278350515 0.9188596491228069 0.05891016200294551 0.033625730994152045
0 0.8122238586156112 0.8260233918128654 0.05154639175257732 0.017543859649122806
0 0.772459499263623 0.8508771929824561 0.0662739322533137 0.023391812865497075
0 0.7341678939617083 0.7521929824561403 0.1605301914580265 0.04532163742690058
0 0.1332842415316642 0.7266081871345029 0.030927835051546393 0.03508771929824561
1 0.15169366715758467 0.756578947368421 0.041237113402061855 0.027777777777777776
1 0.16126656848306334 0.7799707602339181 0.06921944035346098 0.021929824561403508
0 0.0625920471281296 0.2624269005847953 0.036818851251840944 0.039473684210526314
0 0.8055964653902798 0.7807017543859649 0.061855670103092786 0.02046783625730994
0 0.812960235640648 0.9013157894736842 0.03829160530191458 0.033625730994152045