0 0.8308823529411764 0.6971544715447155 0.058823529411764705 0.012195121951219513
0 0.2227941176470588 0.7423780487804879 0.09264705882352942 0.017276422764227643
0 0.1713235294117647 0.8180894308943091 0.06323529411764706 0.01829268292682927
0 0.8125 0.8429878048780489 0.06323529411764706 0.019308943089430895
0 0.8183823529411764 0.9227642276422765 0.057352941176470586 0.012195121951219513
0 0.8345588235294118 0.7952235772357724 0.07205882352941176 0.019308943089430895
0 0.7470588235294118 0.8267276422764228 0.06470588235294117 0.015243902439024392
0 0.7808823529411765 0.7850609756097562 0.07058823529411765 0.021341463414634148
0 0.6676470588235294 0.9070121951219513 0.047058823529411764 0.013211382113821139
0 0.2772058823529412 0.7586382113821138 0.04852941176470588 0.013211382113821139
0 0.13823529411764707 0.6895325203252033 0.052941176470588235 0.05386178861788619
0 0.1213235294117647 0.7179878048780488 0.045588235294117645 0.04166666666666667
0 0.25073529411764706 0.779979674796748 0.13088235294117648 0.03353658536585366
0 0.18308823529411763 0.9019308943089431 0.0661764705882353 0.025406504065040653