0 0.7933823529411764 0.8821138211382115 0.10735294117647058 0.024390243902439025
0 0.19852941176470587 0.7942073170731708 0.07058823529411765 0.013211382113821139
0 0.39852941176470585 0.7164634146341464 0.06764705882352941 0.022357723577235776
0 0.20661764705882352 0.7083333333333334 0.07794117647058824 0.016260162601626018
0 0.5397058823529411 0.6722560975609757 0.07941176470588235 0.019308943089430895
0 0.5580882352941177 0.8409552845528456 0.057352941176470586 0.021341463414634148
0 0.7676470588235293 0.9527439024390245 0.1 0.0233739837398374
0 0.4632352941176471 0.8622967479674798 0.08529411764705883 0.037601626016260166
0 0.6838235294117647 0.5899390243902439 0.07647058823529412 0.0233739837398374
0 0.15073529411764705 0.6808943089430896 0.03676470588235294 0.024390243902439025
0 0.8544117647058823 0.7184959349593497 0.08529411764705883 0.02845528455284553
0 0.46911764705882353 0.7901422764227644 0.08235294117647059 0.025406504065040653
0 0.6227941176470588 0.9400406504065042 0.0838235294117647 0.024390243902439025
0 0.3963235294117647 0.6565040650406505 0.13088235294117648 0.030487804878048783
0 0.5161764705882352 0.9385162601626017 0.07647058823529412 0.015243902439024392
0 0.6448529411764706 0.85619918699187 0.057352941176470586 0.013211382113821139
0 0.875 0.8572154471544716 0.041176470588235294 0.013211382113821139
0 0.5154411764705882 0.8729674796747968 0.060294117647058824 0.014227642276422765
0 0.12058823529411765 0.9298780487804879 0.05 0.042682926829268296
0 0.07794117647058824 0.4588414634146342 0.055882352941176466 0.021341463414634148