0 0.788659793814433 0.8238304093567251 0.0662739322533137 0.021929824561403508
0 0.719440353460972 0.7792397660818713 0.05743740795287187 0.023391812865497075
0 0.719440353460972 0.6345029239766081 0.08100147275405008 0.02046783625730994
0 0.8541973490427098 0.7076023391812865 0.05891016200294551 0.014619883040935672
0 0.8762886597938144 0.7412280701754386 0.061855670103092786 0.02631578947368421
0 0.874079528718704 0.8026315789473684 0.06332842415316642 0.023391812865497075
0 0.9432989690721649 0.8128654970760234 0.05743740795287187 0.029239766081871343
0 0.8703976435935199 0.8676900584795321 0.047128129602356406 0.019005847953216373
0 0.7106038291605302 0.8114035087719298 0.048600883652430045 0.023391812865497075
0 0.8578792341678939 0.6461988304093567 0.045655375552282766 0.029239766081871343
0 0.8343151693667158 0.7967836257309941 0.048600883652430045 0.023391812865497075