0 0.8865979381443299 0.60453216374269 0.05596465390279823 0.019005847953216373
0 0.674521354933726 0.9261695906432748 0.061855670103092786 0.021929824561403508
0 0.2025036818851252 0.8845029239766081 0.045655375552282766 0.02046783625730994
0 0.2312223858615611 0.8128654970760234 0.08247422680412371 0.02631578947368421
0 0.29086892488954347 0.9444444444444444 0.0662739322533137 0.03508771929824561
0 0.34094256259204714 0.9064327485380117 0.0898379970544919 0.03216374269005848
0 0.614138438880707 0.8691520467836257 0.07952871870397643 0.024853801169590642
0 0.4926362297496318 0.9597953216374269 0.13402061855670103 0.04532163742690058
0 0.2150220913107511 0.8165204678362573 0.047128129602356406 0.019005847953216373
0 0.14359351988217967 0.8552631578947368 0.05154639175257732 0.02631578947368421
0 0.7687776141384388 0.952485380116959 0.041237113402061855 0.024853801169590642