0 0.836764705882353 0.8770325203252033 0.09705882352941177 0.022357723577235776
0 0.8536764705882353 0.6448170731707318 0.057352941176470586 0.017276422764227643
0 0.7779411764705882 0.6346544715447155 0.06764705882352941 0.019308943089430895
0 0.7595588235294117 0.5879065040650407 0.06911764705882353 0.013211382113821139
0 0.6897058823529412 0.5325203252032521 0.07647058823529412 0.01829268292682927
0 0.8279411764705882 0.5752032520325204 0.07352941176470588 0.020325203252032523
0 0.44338235294117645 0.6194105691056911 0.08970588235294118 0.019308943089430895
0 0.23088235294117646 0.2957317073170732 0.07352941176470588 0.016260162601626018
1 0.6698529411764705 0.8912601626016261 0.17205882352941176 0.034552845528455285
0 0.6867647058823529 0.6321138211382115 0.07647058823529412 0.014227642276422765
0 0.6992647058823529 0.6122967479674798 0.06323529411764706 0.015243902439024392
0 0.5308823529411765 0.7926829268292683 0.16176470588235295 0.04471544715447155
0 0.8904411764705882 0.6046747967479675 0.1338235294117647 0.034552845528455285
0 0.22941176470588234 0.9710365853658538 0.07647058823529412 0.017276422764227643
0 0.32794117647058824 0.9664634146341464 0.06470588235294117 0.016260162601626018
0 0.1463235294117647 0.89989837398374 0.07205882352941176 0.021341463414634148
0 0.14044117647058824 0.9522357723577237 0.08088235294117647 0.034552845528455285
0 0.24779411764705883 0.9334349593495936 0.10147058823529412 0.02947154471544716
1 0.45808823529411763 0.9674796747967481 0.14852941176470588 0.032520325203252036
0 0.6360294117647058 0.9410569105691058 0.13676470588235293 0.026422764227642278