0 0.2025036818851252 0.827485380116959 0.06332842415316642 0.02046783625730994
0 0.09204712812960235 0.6622807017543859 0.07216494845360824 0.02046783625730994
0 0.44477172312223856 0.8852339181286549 0.07952871870397643 0.021929824561403508
0 0.13033873343151695 0.85453216374269 0.06921944035346098 0.019005847953216373
0 0.0662739322533137 0.7339181286549707 0.047128129602356406 0.023391812865497075
0 0.10751104565537555 0.8793859649122806 0.06480117820324005 0.024853801169590642
0 0.2547864506627393 0.8896198830409356 0.047128129602356406 0.01608187134502924
0 0.25699558173784975 0.9554093567251462 0.054491899852724596 0.01608187134502924
0 0.2385861561119293 0.8852339181286549 0.08247422680412371 0.024853801169590642
0 0.0817378497790869 0.9071637426900584 0.05154639175257732 0.04532163742690058
0 0.08247422680412371 0.7704678362573099 0.032400589101620025 0.02631578947368421