0 0.3070692194403535 0.6498538011695906 0.05154639175257732 0.024853801169590642
0 0.15390279823269515 0.6798245614035088 0.09278350515463918 0.02631578947368421
0 0.17378497790868924 0.7558479532163742 0.07069219440353461 0.02046783625730994
0 0.1561119293078056 0.5497076023391813 0.07069219440353461 0.038011695906432746
0 0.3335787923416789 0.8230994152046783 0.07511045655375552 0.03216374269005848
0 0.12739322533136965 0.7872807017543859 0.08689248895434462 0.027777777777777776
1 0.5272459499263623 0.8070175438596491 0.12076583210603829 0.04678362573099415
0 0.09941089837997054 0.5665204678362573 0.036818851251840944 0.054093567251461985
0 0.10898379970544919 0.8260233918128654 0.07658321060382917 0.05263157894736842
0 0.12223858615611193 0.8859649122807017 0.05596465390279823 0.05555555555555555
0 0.7555228276877761 0.033625730994152045 0.053019145802650956 0.049707602339181284