0 0.7860294117647059 0.8755081300813009 0.09264705882352942 0.019308943089430895
0 0.1375 0.6808943089430896 0.06911764705882353 0.022357723577235776
0 0.7455882352941177 0.8267276422764228 0.09411764705882353 0.019308943089430895
0 0.7801470588235294 0.7627032520325204 0.07205882352941176 0.021341463414634148
0 0.14338235294117646 0.6270325203252033 0.06323529411764706 0.014227642276422765
0 0.20073529411764707 0.8892276422764228 0.0661764705882353 0.012195121951219513
0 0.27205882352941174 0.83739837398374 0.047058823529411764 0.010162601626016262
0 0.45 0.8419715447154472 0.05 0.019308943089430895
0 0.8757352941176471 0.7621951219512196 0.06911764705882353 0.01829268292682927
0 0.40441176470588236 0.9435975609756099 0.07647058823529412 0.017276422764227643
0 0.7279411764705882 0.9029471544715448 0.07352941176470588 0.0233739837398374
0 0.1264705882352941 0.8074186991869919 0.06470588235294117 0.017276422764227643
0 0.47205882352941175 0.7439024390243903 0.07058823529411765 0.016260162601626018
0 0.6338235294117647 0.7825203252032521 0.11176470588235293 0.020325203252032523
0 0.5507352941176471 0.7200203252032521 0.11911764705882352 0.027439024390243906
0 0.2852941176470588 0.728658536585366 0.07352941176470588 0.020325203252032523
0 0.5779411764705882 0.8485772357723578 0.07941176470588235 0.016260162601626018
0 0.6183823529411765 0.7540650406504066 0.07205882352941176 0.014227642276422765
0 0.23308823529411765 0.9354674796747968 0.10147058823529412 0.021341463414634148
0 0.2727941176470588 0.7870934959349595 0.04852941176470588 0.017276422764227643
0 0.3588235294117647 0.96239837398374 0.047058823529411764 0.010162601626016262
0 0.8639705882352942 0.8429878048780489 0.054411764705882354 0.03556910569105692
0 0.16323529411764706 0.8302845528455285 0.06764705882352941 0.014227642276422765
0 0.0875 0.6544715447154472 0.04852941176470588 0.014227642276422765
0 0.7125 0.9517276422764228 0.09264705882352942 0.0233739837398374
0 0.5220588235294118 0.8841463414634148 0.08823529411764705 0.016260162601626018
0 0.6845588235294118 0.9217479674796749 0.08088235294117647 0.01829268292682927
0 0.08676470588235294 0.5975609756097562 0.05 0.016260162601626018