0 0.1426470588235294 0.8379065040650407 0.061764705882352944 0.013211382113821139
0 0.31470588235294117 0.5259146341463415 0.10588235294117647 0.025406504065040653
0 0.6904411764705882 0.49542682926829273 0.075 0.019308943089430895
0 0.8624999999999999 0.5884146341463415 0.07794117647058824 0.042682926829268296
0 0.5191176470588236 0.49288617886178865 0.07941176470588235 0.020325203252032523
0 0.7757352941176471 0.5457317073170732 0.07794117647058824 0.024390243902439025
0 0.513235294117647 0.6001016260162603 0.07647058823529412 0.017276422764227643
0 0.2125 0.9029471544715448 0.051470588235294115 0.03353658536585366
0 0.13529411764705881 0.8958333333333335 0.052941176470588235 0.013211382113821139
0 0.6794117647058824 0.9131097560975611 0.06764705882352941 0.0233739837398374
0 0.07941176470588235 0.5492886178861789 0.055882352941176466 0.015243902439024392
0 0.30808823529411766 0.9171747967479675 0.06323529411764706 0.017276422764227643
0 0.10441176470588236 0.7784552845528456 0.055882352941176466 0.016260162601626018
0 0.43676470588235294 0.9400406504065042 0.12941176470588234 0.03658536585365854
0 0.8779411764705882 0.5162601626016261 0.026470588235294117 0.024390243902439025
0 0.26029411764705884 0.8993902439024392 0.044117647058823525 0.020325203252032523
0 0.2536764705882353 0.956808943089431 0.11911764705882352 0.04369918699186992