0 0.2867647058823529 0.9085365853658538 0.061764705882352944 0.014227642276422765
0 0.8595588235294117 0.7764227642276423 0.06911764705882353 0.022357723577235776
0 0.8220588235294117 0.8978658536585367 0.11176470588235293 0.021341463414634148
0 0.1625 0.9146341463414636 0.054411764705882354 0.01829268292682927
0 0.10735294117647058 0.8628048780487806 0.055882352941176466 0.01829268292682927
0 0.6838235294117647 0.6971544715447155 0.06764705882352941 0.012195121951219513
0 0.7617647058823529 0.45376016260162605 0.08529411764705883 0.017276422764227643
0 0.21764705882352942 0.41920731707317077 0.08235294117647059 0.027439024390243906
0 0.39191176470588235 0.4476626016260163 0.07794117647058824 0.017276422764227643
0 0.48455882352941176 0.4029471544715448 0.07794117647058824 0.015243902439024392
0 0.16691176470588234 0.6244918699186992 0.08970588235294118 0.03353658536585366
0 0.19926470588235293 0.96239837398374 0.09852941176470588 0.020325203252032523
0 0.44779411764705884 0.7063008130081302 0.07205882352941176 0.014227642276422765
0 0.7852941176470588 0.9308943089430896 0.055882352941176466 0.010162601626016262
0 0.6051470588235294 0.8231707317073171 0.04852941176470588 0.016260162601626018
0 0.7066176470588236 0.6234756097560976 0.0661764705882353 0.019308943089430895
0 0.2698529411764706 0.9441056910569107 0.057352941176470586 0.01829268292682927
0 0.34852941176470587 0.7845528455284554 0.044117647058823525 0.01829268292682927
0 0.4338235294117647 0.5919715447154472 0.09705882352941177 0.03150406504065041
0 0.47205882352941175 0.9354674796747968 0.12058823529411765 0.027439024390243906
0 0.36323529411764705 0.9603658536585367 0.08823529411764705 0.01829268292682927
0 0.07941176470588235 0.5736788617886179 0.029411764705882353 0.037601626016260166