0 0.8063328424153167 0.7989766081871345 0.0662739322533137 0.024853801169590642
0 0.7702503681885126 0.8574561403508771 0.06774668630338733 0.019005847953216373
0 0.8969072164948454 0.7850877192982456 0.061855670103092786 0.017543859649122806
0 0.9455081001472754 0.6564327485380117 0.06480117820324005 0.02631578947368421
0 0.8505154639175257 0.8720760233918128 0.060382916053019146 0.024853801169590642
1 0.3019145802650957 0.8691520467836257 0.09131075110456553 0.04824561403508772
0 0.19734904270986744 0.9641812865497076 0.12076583210603829 0.04239766081871345
1 0.3431516936671576 0.9305555555555555 0.15022091310751104 0.03654970760233918
0 0.8770250368188512 0.4100877192982456 0.101620029455081 0.07748538011695906
0 0.1296023564064801 0.3640350877192982 0.06774668630338733 0.03216374269005848
0 0.9072164948453608 0.8494152046783625 0.041237113402061855 0.029239766081871343