0 0.19926470588235293 0.4004065040650407 0.057352941176470586 0.012195121951219513
0 0.8889705882352941 0.6041666666666667 0.0661764705882353 0.011178861788617888
0 0.23161764705882354 0.9664634146341464 0.08088235294117647 0.034552845528455285
0 0.6970588235294117 0.9120934959349595 0.07058823529411765 0.015243902439024392
0 0.8286764705882352 0.46646341463414637 0.060294117647058824 0.012195121951219513
0 0.5514705882352942 0.8526422764227644 0.08529411764705883 0.022357723577235776
0 0.16323529411764706 0.9247967479674798 0.058823529411764705 0.01829268292682927
0 0.12426470588235294 0.41158536585365857 0.051470588235294115 0.016260162601626018
0 0.48455882352941176 0.6595528455284554 0.10441176470588236 0.03861788617886179
0 0.36323529411764705 0.9588414634146343 0.061764705882352944 0.017276422764227643
0 0.875 0.49949186991869926 0.07058823529411765 0.0233739837398374
1 0.40441176470588236 0.9136178861788619 0.07647058823529412 0.0467479674796748
1 0.8757352941176471 0.5315040650406505 0.0661764705882353 0.020325203252032523
1 0.8382352941176471 0.5228658536585367 0.05 0.021341463414634148
1 0.2595588235294118 0.9684959349593497 0.051470588235294115 0.026422764227642278