0 0.7650957290132547 0.7682748538011696 0.054491899852724596 0.021929824561403508
0 0.7606774668630338 0.8384502923976608 0.060382916053019146 0.024853801169590642
0 0.13107511045655376 0.8179824561403508 0.05891016200294551 0.027777777777777776
0 0.7702503681885126 0.739766081871345 0.06480117820324005 0.017543859649122806
0 0.6539027982326951 0.6995614035087719 0.06480117820324005 0.027777777777777776
0 0.4521354933726068 0.8720760233918128 0.05891016200294551 0.01608187134502924
1 0.7864506627393225 0.6571637426900584 0.13549337260677466 0.05701754385964912
0 0.5949926362297496 0.8998538011695906 0.11192930780559646 0.039473684210526314
1 0.3365243004418262 0.6769005847953216 0.06921944035346098 0.04678362573099415
1 0.5397643593519882 0.8845029239766081 0.05743740795287187 0.04678362573099415
1 0.24153166421207659 0.8333333333333333 0.06774668630338733 0.06725146198830409
0 0.20103092783505155 0.8494152046783625 0.042709867452135494 0.03216374269005848