0 0.9035346097201767 0.7149122807017544 0.060382916053019146 0.017543859649122806
0 0.2916053019145803 0.8903508771929824 0.08836524300441825 0.02631578947368421
0 0.8851251840942562 0.7763157894736842 0.07658321060382917 0.02046783625730994
0 0.18188512518409425 0.9364035087719298 0.08100147275405008 0.027777777777777776
0 0.861561119293078 0.7492690058479532 0.05596465390279823 0.019005847953216373
0 0.7643593519882179 0.7595029239766081 0.041237113402061855 0.024853801169590642
0 0.06995581737849779 0.7214912280701754 0.048600883652430045 0.021929824561403508
0 0.3240058910162003 0.6600877192982456 0.07658321060382917 0.024853801169590642
0 0.1642120765832106 0.8991228070175438 0.042709867452135494 0.03216374269005848
0 0.7997054491899852 0.7507309941520467 0.050073637702503684 0.027777777777777776
0 0.07142857142857142 0.8823099415204678 0.027982326951399114 0.027777777777777776