0 0.2304860088365243 0.9115497076023391 0.05154639175257732 0.024853801169590642
0 0.7717231222385862 0.8019005847953216 0.06774668630338733 0.027777777777777776
0 0.093519882179676 0.6059941520467836 0.06332842415316642 0.039473684210526314
0 0.7768777614138439 0.8991228070175438 0.07216494845360824 0.02631578947368421
0 0.10309278350515463 0.8486842105263157 0.050073637702503684 0.01608187134502924
0 0.12444771723122239 0.777046783625731 0.05743740795287187 0.03070175438596491
0 0.203240058910162 0.5497076023391813 0.050073637702503684 0.03216374269005848
0 0.8814432989690721 0.8084795321637427 0.045655375552282766 0.017543859649122806
0 0.09057437407952872 0.665204678362573 0.039764359351988215 0.043859649122807015
1 0.16273932253313697 0.6929824561403508 0.12223858615611193 0.07602339181286549
0 0.22533136966126657 0.47295321637426896 0.06480117820324005 0.054093567251461985
1 0.6759941089837997 0.7353801169590642 0.2268041237113402 0.09941520467836257
0 0.93519882179676 0.7909356725146198 0.053019145802650956 0.02631578947368421
0 0.9123711340206185 0.7222222222222222 0.039764359351988215 0.02631578947368421