0 0.5705882352941176 0.883130081300813 0.12058823529411765 0.026422764227642278
0 0.19338235294117648 0.9430894308943091 0.04852941176470588 0.012195121951219513
0 0.14044117647058824 0.8287601626016261 0.06911764705882353 0.017276422764227643
0 0.8272058823529411 0.8948170731707318 0.060294117647058824 0.019308943089430895
0 0.2676470588235294 0.8140243902439025 0.058823529411764705 0.024390243902439025
0 0.34338235294117647 0.8043699186991871 0.054411764705882354 0.013211382113821139
0 0.09117647058823529 0.6468495934959351 0.055882352941176466 0.025406504065040653
0 0.21102941176470588 0.8470528455284554 0.051470588235294115 0.015243902439024392
0 0.3272058823529412 0.8490853658536587 0.08676470588235294 0.025406504065040653
0 0.17352941176470588 0.769308943089431 0.041176470588235294 0.06300813008130082
0 0.12720588235294117 0.7215447154471546 0.030882352941176472 0.034552845528455285
0 0.14705882352941177 0.8800813008130082 0.12352941176470589 0.04878048780487805