0 0.49117647058823527 0.904979674796748 0.08235294117647059 0.013211382113821139
0 0.3448529411764706 0.8734756097560976 0.057352941176470586 0.017276422764227643
0 0.45441176470588235 0.8765243902439025 0.08235294117647059 0.013211382113821139
0 0.48970588235294116 0.8577235772357724 0.09117647058823529 0.016260162601626018
0 0.3220588235294118 0.9141260162601627 0.06764705882352941 0.013211382113821139
0 0.26838235294117646 0.9679878048780489 0.045588235294117645 0.011178861788617888
0 0.29191176470588237 0.9745934959349595 0.060294117647058824 0.014227642276422765
0 0.35441176470588237 0.9192073170731708 0.06470588235294117 0.015243902439024392
0 0.3382352941176471 0.9522357723577237 0.07941176470588235 0.020325203252032523
0 0.46249999999999997 0.9674796747967481 0.07794117647058824 0.014227642276422765
0 0.17573529411764705 0.8846544715447155 0.04852941176470588 0.017276422764227643
0 0.47205882352941175 0.842479674796748 0.07941176470588235 0.01829268292682927
0 0.3786764705882353 0.9369918699186993 0.04852941176470588 0.014227642276422765