0 0.711764705882353 0.9288617886178863 0.10294117647058823 0.026422764227642278
0 0.17941176470588235 0.9369918699186993 0.1 0.034552845528455285
0 0.1676470588235294 0.8882113821138212 0.07058823529411765 0.020325203252032523
0 0.8838235294117647 0.8734756097560976 0.07941176470588235 0.017276422764227643
0 0.5970588235294118 0.8882113821138212 0.047058823529411764 0.01829268292682927
0 0.29558823529411765 0.973069105691057 0.047058823529411764 0.015243902439024392
0 0.6647058823529411 0.9578252032520326 0.058823529411764705 0.015243902439024392
0 0.37720588235294117 0.9430894308943091 0.1426470588235294 0.03658536585365854
0 0.46691176470588236 0.9227642276422765 0.0838235294117647 0.016260162601626018
1 0.2227941176470588 0.5340447154471545 0.030882352941176472 0.02947154471544716
0 0.8897058823529411 0.9415650406504066 0.047058823529411764 0.021341463414634148
0 0.8161764705882353 0.9451219512195123 0.03529411764705882 0.022357723577235776