0 0.8468335787923417 0.8114035087719298 0.06774668630338733 0.023391812865497075
0 0.7974963181148748 0.9210526315789473 0.06332842415316642 0.02046783625730994
0 0.845360824742268 0.8581871345029239 0.061855670103092786 0.029239766081871343
0 0.7614138438880707 0.8413742690058479 0.061855670103092786 0.03070175438596491
0 0.5537555228276878 0.8991228070175438 0.08247422680412371 0.02046783625730994
0 0.5795287187039764 0.8033625730994152 0.0662739322533137 0.033625730994152045
0 0.4462444771723122 0.9480994152046783 0.050073637702503684 0.01608187134502924
0 0.08394698085419734 0.7324561403508771 0.05891016200294551 0.038011695906432746
0 0.5979381443298969 0.8633040935672515 0.05596465390279823 0.019005847953216373
0 0.9094256259204713 0.3516081871345029 0.060382916053019146 0.039473684210526314
0 0.08394698085419734 0.8486842105263157 0.03829160530191458 0.039473684210526314