0 0.20073529411764707 0.4522357723577236 0.06323529411764706 0.022357723577235776
0 0.2911764705882353 0.799288617886179 0.07647058823529412 0.013211382113821139
0 0.23308823529411765 0.3267276422764228 0.054411764705882354 0.011178861788617888
0 0.1963235294117647 0.9613821138211384 0.057352941176470586 0.024390243902439025
0 0.3191176470588235 0.6326219512195123 0.07941176470588235 0.019308943089430895
0 0.1463235294117647 0.5696138211382115 0.060294117647058824 0.013211382113821139
0 0.5919117647058824 0.3922764227642277 0.051470588235294115 0.012195121951219513
0 0.2426470588235294 0.3871951219512196 0.07647058823529412 0.01829268292682927
0 0.22941176470588234 0.5914634146341464 0.07941176470588235 0.01829268292682927
0 0.40661764705882353 0.8434959349593497 0.045588235294117645 0.012195121951219513
0 0.17426470588235293 0.6514227642276423 0.045588235294117645 0.022357723577235776
0 0.16838235294117646 0.524390243902439 0.075 0.016260162601626018
0 0.13676470588235293 0.41361788617886186 0.058823529411764705 0.034552845528455285
0 0.12941176470588234 0.8597560975609757 0.044117647058823525 0.024390243902439025
0 0.3220588235294118 0.8770325203252033 0.05 0.030487804878048783