0 0.7982326951399116 0.9027777777777777 0.08541973490427099 0.024853801169590642
0 0.09425625920471281 0.638157894736842 0.07658321060382917 0.033625730994152045
0 0.16936671575846834 0.8128654970760234 0.09720176730486009 0.038011695906432746
0 0.32547864506627394 0.9137426900584795 0.09131075110456553 0.03508771929824561
0 0.5846833578792342 0.8282163742690059 0.07658321060382917 0.03654970760233918
0 0.9042709867452136 0.9451754385964912 0.06480117820324005 0.03654970760233918
0 0.751840942562592 0.7894736842105263 0.08689248895434462 0.02631578947368421
0 0.4270986745213549 0.7602339181286549 0.07363770250368189 0.03216374269005848
0 0.6944035346097202 0.7799707602339181 0.0898379970544919 0.027777777777777776
0 0.15316642120765833 0.27192982456140347 0.06480117820324005 0.043859649122807015
0 0.07658321060382917 0.4057017543859649 0.03829160530191458 0.059941520467836254
0 0.0743740795287187 0.2741228070175438 0.054491899852724596 0.07456140350877193
0 0.12592047128129602 0.6008771929824561 0.042709867452135494 0.03508771929824561