0 0.2125 0.5452235772357724 0.060294117647058824 0.021341463414634148
0 0.29558823529411765 0.5635162601626017 0.06470588235294117 0.015243902439024392
0 0.7183823529411765 0.8678861788617888 0.08676470588235294 0.016260162601626018
0 0.4764705882352941 0.5548780487804879 0.058823529411764705 0.014227642276422765
0 0.7161764705882353 0.9563008130081302 0.08235294117647059 0.01829268292682927
0 0.7889705882352941 0.9476626016260163 0.06323529411764706 0.019308943089430895
0 0.3411764705882353 0.777439024390244 0.03823529411764706 0.024390243902439025
1 0.7029411764705882 0.8877032520325204 0.12941176470588234 0.021341463414634148
0 0.8735294117647059 0.85619918699187 0.052941176470588235 0.027439024390243906
0 0.08897058823529412 0.4080284552845529 0.030882352941176472 0.057926829268292686
0 0.7066176470588236 0.9303861788617888 0.09852941176470588 0.027439024390243906