0 0.8808823529411764 0.5340447154471545 0.061764705882352944 0.03150406504065041
0 0.8889705882352941 0.47205284552845533 0.06323529411764706 0.017276422764227643
0 0.8492647058823529 0.42733739837398377 0.057352941176470586 0.015243902439024392
0 0.8330882352941177 0.44613821138211385 0.057352941176470586 0.01829268292682927
0 0.9051470588235294 0.4166666666666667 0.060294117647058824 0.012195121951219513
0 0.18235294117647058 0.5467479674796748 0.047058823529411764 0.020325203252032523
0 0.8301470588235293 0.39634146341463417 0.060294117647058824 0.014227642276422765
0 0.7992647058823529 0.38008130081300817 0.0661764705882353 0.012195121951219513
0 0.7955882352941176 0.40599593495934966 0.047058823529411764 0.017276422764227643
0 0.8558823529411764 0.4588414634146342 0.052941176470588235 0.019308943089430895
0 0.8647058823529412 0.37855691056910573 0.055882352941176466 0.015243902439024392