0 0.19558823529411765 0.7210365853658537 0.058823529411764705 0.017276422764227643
0 0.7875 0.5416666666666667 0.06323529411764706 0.022357723577235776
0 0.8463235294117647 0.6112804878048781 0.051470588235294115 0.011178861788617888
0 0.5014705882352941 0.5381097560975611 0.06764705882352941 0.021341463414634148
0 0.7088235294117647 0.5396341463414634 0.06470588235294117 0.012195121951219513
0 0.6477941176470589 0.5777439024390244 0.06323529411764706 0.0233739837398374
0 0.5830882352941177 0.5619918699186992 0.0661764705882353 0.024390243902439025
0 0.4742647058823529 0.8084349593495935 0.045588235294117645 0.015243902439024392
0 0.8066176470588236 0.5543699186991871 0.045588235294117645 0.011178861788617888
0 0.7382352941176471 0.5538617886178863 0.05 0.016260162601626018
0 0.8463235294117647 0.5909552845528456 0.07205882352941176 0.015243902439024392
0 0.7441176470588236 0.5955284552845529 0.06470588235294117 0.016260162601626018