0 0.19661266568483063 0.8720760233918128 0.06332842415316642 0.021929824561403508
0 0.7533136966126657 0.8874269005847952 0.08100147275405008 0.023391812865497075
0 0.3004418262150221 0.9320175438596491 0.08247422680412371 0.027777777777777776
0 0.36524300441826213 0.9568713450292398 0.05596465390279823 0.019005847953216373
0 0.09720176730486009 0.706140350877193 0.07952871870397643 0.043859649122807015
0 0.1877761413843888 0.9217836257309941 0.0662739322533137 0.019005847953216373
0 0.5787923416789396 0.9444444444444444 0.06774668630338733 0.023391812865497075
0 0.24447717231222385 0.7865497076023391 0.053019145802650956 0.02631578947368421
0 0.22901325478645065 0.8304093567251462 0.060382916053019146 0.02631578947368421
0 0.07952871870397643 0.8830409356725146 0.050073637702503684 0.02046783625730994
0 0.13181148748159058 0.9459064327485379 0.048600883652430045 0.014619883040935672
0 0.101620029455081 0.7916666666666666 0.035346097201767304 0.039473684210526314
1 0.6038291605301914 0.48245614035087714 0.13549337260677466 0.10526315789473684
0 0.8622974963181148 0.4400584795321637 0.0662739322533137 0.029239766081871343
1 0.7695139911634756 0.2134502923976608 0.036818851251840944 0.0847953216374269
1 0.2857142857142857 0.9685672514619883 0.05891016200294551 0.03070175438596491
0 0.10677466863033873 0.5029239766081871 0.039764359351988215 0.038011695906432746