0 0.6470588235294118 0.7835365853658537 0.07352941176470588 0.012195121951219513
0 0.8080882352941177 0.7139227642276423 0.08970588235294118 0.027439024390243906
0 0.7095588235294118 0.8653455284552847 0.060294117647058824 0.013211382113821139
0 0.6808823529411765 0.8165650406504066 0.047058823529411764 0.011178861788617888
0 0.7889705882352941 0.77489837398374 0.0661764705882353 0.015243902439024392
0 0.6110294117647058 0.8145325203252033 0.04852941176470588 0.021341463414634148
0 0.5985294117647059 0.8577235772357724 0.061764705882352944 0.01829268292682927
0 0.7213235294117647 0.9446138211382115 0.04852941176470588 0.013211382113821139
0 0.18455882352941178 0.9288617886178863 0.04852941176470588 0.014227642276422765
0 0.7661764705882352 0.9192073170731708 0.058823529411764705 0.015243902439024392
1 0.24338235294117647 0.9751016260162603 0.09558823529411764 0.027439024390243906
0 0.7860294117647059 0.7865853658536586 0.060294117647058824 0.01829268292682927
0 0.6397058823529411 0.8755081300813009 0.055882352941176466 0.017276422764227643