0 0.8147058823529412 0.9202235772357724 0.06470588235294117 0.017276422764227643
0 0.5448529411764705 0.8246951219512196 0.0661764705882353 0.013211382113821139
0 0.7169117647058824 0.831808943089431 0.060294117647058824 0.011178861788617888
0 0.5514705882352942 0.7987804878048781 0.08529411764705883 0.014227642276422765
0 0.8757352941176471 0.8775406504065042 0.051470588235294115 0.011178861788617888
0 0.9044117647058824 0.9324186991869919 0.06470588235294117 0.013211382113821139
0 0.6375 0.9344512195121952 0.09558823529411764 0.027439024390243906
0 0.8933823529411764 0.777439024390244 0.060294117647058824 0.01829268292682927
0 0.1838235294117647 0.8079268292682927 0.24411764705882352 0.07113821138211383
0 0.7242647058823529 0.9756097560975611 0.054411764705882354 0.01829268292682927
0 0.5191176470588236 0.9004065040650407 0.12058823529411765 0.030487804878048783
0 0.8808823529411764 0.5889227642276423 0.041176470588235294 0.019308943089430895