0 0.8279411764705882 0.5330284552845529 0.06764705882352941 0.015243902439024392
0 0.14926470588235294 0.4446138211382114 0.06911764705882353 0.013211382113821139
0 0.22352941176470587 0.6722560975609757 0.08529411764705883 0.015243902439024392
0 0.14411764705882352 0.5472560975609757 0.055882352941176466 0.017276422764227643
0 0.17794117647058824 0.46951219512195125 0.058823529411764705 0.014227642276422765
0 0.0875 0.5523373983739838 0.051470588235294115 0.013211382113821139
0 0.09485294117647058 0.586890243902439 0.04852941176470588 0.019308943089430895
0 0.8441176470588235 0.8455284552845529 0.09411764705882353 0.032520325203252036
0 0.10367647058823529 0.31554878048780494 0.07794117647058824 0.017276422764227643
1 0.5264705882352941 0.570630081300813 0.058823529411764705 0.02947154471544716
1 0.37058823529411766 0.9532520325203253 0.29411764705882354 0.04878048780487805