0 0.33431516936671574 0.702485380116959 0.08836524300441825 0.027777777777777776
0 0.7908689248895434 0.8640350877192982 0.06774668630338733 0.02046783625730994
0 0.8755522827687776 0.7989766081871345 0.054491899852724596 0.021929824561403508
0 0.09425625920471281 0.8618421052631579 0.07363770250368189 0.024853801169590642
0 0.10898379970544919 0.7573099415204678 0.047128129602356406 0.02631578947368421
0 0.10014727540500737 0.6988304093567251 0.050073637702503684 0.029239766081871343
0 0.18114874815905743 0.6739766081871345 0.09720176730486009 0.029239766081871343
0 0.16568483063328424 0.7324561403508771 0.07216494845360824 0.029239766081871343
0 0.09941089837997054 0.6542397660818713 0.06921944035346098 0.024853801169590642
1 0.27245949926362295 0.9502923976608186 0.061855670103092786 0.029239766081871343
0 0.31958762886597936 0.8230994152046783 0.03829160530191458 0.023391812865497075
0 0.18630338733431517 0.7595029239766081 0.08689248895434462 0.033625730994152045