0 0.15463917525773196 0.7083333333333333 0.07952871870397643 0.033625730994152045
0 0.874079528718704 0.9159356725146198 0.05154639175257732 0.021929824561403508
0 0.296759941089838 0.6293859649122807 0.07216494845360824 0.024853801169590642
0 0.32621502209131076 0.6915204678362573 0.06921944035346098 0.02046783625730994
0 0.893961708394698 0.8362573099415205 0.07069219440353461 0.02046783625730994
0 0.5773195876288659 0.6162280701754386 0.07658321060382917 0.021929824561403508
1 0.34094256259204714 0.8998538011695906 0.09278350515463918 0.024853801169590642
0 0.38217967599410896 0.7346491228070176 0.06332842415316642 0.03654970760233918
0 0.8608247422680412 0.9576023391812865 0.05154639175257732 0.017543859649122806
0 0.8181148748159057 0.9261695906432748 0.045655375552282766 0.019005847953216373
0 0.7592047128129602 0.8421052631578947 0.054491899852724596 0.017543859649122806
1 0.5574374079528719 0.7054093567251462 0.09572901325478644 0.03654970760233918
1 0.5147275405007363 0.5116959064327485 0.11634756995581738 0.038011695906432746
0 0.9189985272459499 0.8866959064327485 0.07069219440353461 0.033625730994152045
0 0.10088365243004419 0.2631578947368421 0.045655375552282766 0.02046783625730994
1 0.569219440353461 0.4809941520467836 0.0898379970544919 0.038011695906432746
1 0.6848306332842415 0.42836257309941517 0.1296023564064801 0.06140350877192982