0 0.31885125184094254 0.9283625730994152 0.048600883652430045 0.029239766081871343
0 0.23269513991163476 0.6608187134502923 0.06480117820324005 0.023391812865497075
0 0.8475699558173785 0.7171052631578947 0.101620029455081 0.03654970760233918
0 0.8961708394698086 0.8896198830409356 0.06332842415316642 0.021929824561403508
0 0.8880706921944035 0.9612573099415204 0.053019145802650956 0.021929824561403508
0 0.7444771723122239 0.8479532163742689 0.045655375552282766 0.017543859649122806
0 0.7422680412371134 0.6681286549707602 0.14727540500736377 0.04093567251461988
0 0.7835051546391752 0.8684210526315789 0.05596465390279823 0.02046783625730994
1 0.30633284241531666 0.20906432748538012 0.032400589101620025 0.05847953216374269
0 0.7709867452135494 0.7339181286549707 0.0662739322533137 0.03216374269005848
0 0.893961708394698 0.8114035087719298 0.03829160530191458 0.017543859649122806
0 0.8622974963181148 0.8318713450292398 0.05743740795287187 0.017543859649122806
0 0.08689248895434462 0.7456140350877193 0.041237113402061855 0.049707602339181284
0 0.5684830633284241 0.4934210526315789 0.026509572901325478 0.024853801169590642