0 0.3058823529411765 0.7591463414634148 0.07058823529411765 0.022357723577235776
0 0.8080882352941177 0.872459349593496 0.06323529411764706 0.017276422764227643
0 0.7367647058823529 0.9090447154471546 0.07058823529411765 0.019308943089430895
0 0.09926470588235294 0.8948170731707318 0.07205882352941176 0.017276422764227643
0 0.7845588235294118 0.7896341463414634 0.10147058823529412 0.022357723577235776
0 0.36323529411764705 0.8323170731707318 0.06470588235294117 0.024390243902439025
0 0.21691176470588236 0.9664634146341464 0.06911764705882353 0.022357723577235776
0 0.2786764705882353 0.951219512195122 0.045588235294117645 0.012195121951219513
0 0.8095588235294118 0.8323170731707318 0.06323529411764706 0.022357723577235776
0 0.7691176470588236 0.8526422764227644 0.06764705882352941 0.016260162601626018
0 0.6698529411764705 0.8185975609756099 0.125 0.021341463414634148
0 0.8058823529411765 0.7901422764227644 0.052941176470588235 0.015243902439024392
0 0.10588235294117647 0.5015243902439025 0.044117647058823525 0.03556910569105692
1 0.45588235294117646 0.9075203252032521 0.17058823529411765 0.03861788617886179
0 0.8375 0.9070121951219513 0.04852941176470588 0.0233739837398374