0 0.6855670103092784 0.6761695906432749 0.0780559646539028 0.033625730994152045
0 0.8063328424153167 0.6973684210526315 0.0780559646539028 0.02046783625730994
0 0.7952871870397643 0.8472222222222222 0.07658321060382917 0.024853801169590642
0 0.5706921944035346 0.7097953216374269 0.09278350515463918 0.024853801169590642
0 0.9197349042709867 0.8245614035087718 0.054491899852724596 0.017543859649122806
0 0.8703976435935199 0.9495614035087718 0.06480117820324005 0.021929824561403508
0 0.7643593519882179 0.7317251461988303 0.047128129602356406 0.01608187134502924
0 0.8240058910162003 0.7711988304093567 0.11045655375552282 0.04239766081871345
0 0.7106038291605302 0.9130116959064327 0.07216494845360824 0.033625730994152045
0 0.614138438880707 0.9269005847953216 0.11782032400589101 0.03508771929824561
0 0.7091310751104566 0.9649122807017543 0.048600883652430045 0.023391812865497075
0 0.25184094256259204 0.8165204678362573 0.041237113402061855 0.03070175438596491
0 0.8645066273932254 0.6359649122807017 0.06480117820324005 0.03508771929824561
0 0.8394698085419735 0.7456140350877193 0.07952871870397643 0.02631578947368421
0 0.7783505154639175 0.9181286549707601 0.08689248895434462 0.043859649122807015