0 0.26877761413843887 0.8391812865497076 0.060382916053019146 0.02046783625730994
0 0.24300441826215022 0.9393274853801169 0.06774668630338733 0.024853801169590642
0 0.21944035346097202 0.8026315789473684 0.06774668630338733 0.023391812865497075
0 0.8807069219440353 0.9188596491228069 0.050073637702503684 0.024853801169590642
0 0.1642120765832106 0.881578947368421 0.05743740795287187 0.02046783625730994
0 0.34536082474226804 0.7704678362573099 0.08100147275405008 0.02631578947368421
0 0.353460972017673 0.875 0.07952871870397643 0.021929824561403508
0 0.33431516936671574 0.7200292397660818 0.061855670103092786 0.033625730994152045
0 0.07584683357879234 0.7171052631578947 0.045655375552282766 0.04532163742690058
0 0.061855670103092786 0.783625730994152 0.035346097201767304 0.03216374269005848
0 0.10456553755522828 0.7741228070175438 0.03829160530191458 0.019005847953216373
0 0.13402061855670103 0.8530701754385964 0.053019145802650956 0.04824561403508772
0 0.0861561119293078 0.888157894736842 0.030927835051546393 0.024853801169590642
0 0.1325478645066274 0.9181286549707601 0.047128129602356406 0.023391812865497075