0 0.26176470588235295 0.7804878048780488 0.10588235294117647 0.022357723577235776
0 0.7536764705882353 0.9136178861788619 0.1338235294117647 0.02845528455284553
0 0.5669117647058823 0.8678861788617888 0.0838235294117647 0.030487804878048783
0 0.21176470588235294 0.8130081300813009 0.052941176470588235 0.01829268292682927
0 0.1375 0.9253048780487806 0.09558823529411764 0.019308943089430895
0 0.10220588235294117 0.8323170731707318 0.04852941176470588 0.020325203252032523
0 0.6595588235294118 0.8160569105691058 0.1602941176470588 0.0467479674796748
1 0.47941176470588237 0.77489837398374 0.15294117647058825 0.03150406504065041
1 0.8742647058823529 0.8866869918699188 0.0838235294117647 0.03150406504065041
0 0.1860294117647059 0.9578252032520326 0.1338235294117647 0.02947154471544716
0 0.21764705882352942 0.7164634146341464 0.041176470588235294 0.022357723577235776