0 0.5051470588235294 0.8602642276422765 0.0661764705882353 0.013211382113821139
0 0.5514705882352942 0.9507113821138212 0.061764705882352944 0.013211382113821139
0 0.7514705882352941 0.7688008130081302 0.061764705882352944 0.015243902439024392
0 0.2139705882352941 0.8272357723577237 0.06323529411764706 0.012195121951219513
0 0.4360294117647059 0.8353658536585367 0.075 0.01829268292682927
0 0.31470588235294117 0.8968495934959351 0.08529411764705883 0.013211382113821139
0 0.4566176470588235 0.8968495934959351 0.06911764705882353 0.0233739837398374
0 0.5661764705882353 0.8343495934959351 0.07647058823529412 0.016260162601626018
0 0.24705882352941178 0.8683943089430896 0.05 0.019308943089430895
0 0.2036764705882353 0.9339430894308944 0.06323529411764706 0.014227642276422765
0 0.2786764705882353 0.9502032520325204 0.054411764705882354 0.014227642276422765
0 0.12058823529411765 0.9181910569105692 0.03823529411764706 0.019308943089430895
0 0.15588235294117647 0.8678861788617888 0.047058823529411764 0.026422764227642278
0 0.4154411764705882 0.9400406504065042 0.060294117647058824 0.014227642276422765