0 0.24742268041237114 0.7390350877192982 0.08247422680412371 0.024853801169590642
0 0.6045655375552282 0.9364035087719298 0.0662739322533137 0.021929824561403508
0 0.7754050073637703 0.891812865497076 0.06332842415316642 0.017543859649122806
0 0.9256259204712812 0.5497076023391813 0.05154639175257732 0.014619883040935672
0 0.12739322533136965 0.8464912280701754 0.06332842415316642 0.03508771929824561
0 0.5353460972017673 0.8932748538011696 0.05743740795287187 0.029239766081871343
0 0.17304860088365243 0.5694444444444444 0.08100147275405008 0.024853801169590642
0 0.6067746686303387 0.7624269005847952 0.07069219440353461 0.024853801169590642
0 0.14212076583210603 0.8998538011695906 0.05743740795287187 0.024853801169590642
0 0.12444771723122239 0.9159356725146198 0.06332842415316642 0.024853801169590642
0 0.12371134020618557 0.7697368421052632 0.03829160530191458 0.07456140350877193
0 0.22459499263622976 0.1513157894736842 0.08100147275405008 0.027777777777777776
0 0.7893961708394698 0.2982456140350877 0.13549337260677466 0.04678362573099415
0 0.22459499263622976 0.908625730994152 0.07216494845360824 0.019005847953216373
0 0.2812960235640648 0.9371345029239766 0.053019145802650956 0.023391812865497075
0 0.0898379970544919 0.7463450292397661 0.032400589101620025 0.05701754385964912