0 0.8490427098674521 0.6447368421052632 0.1134020618556701 0.038011695906432746
0 0.1450662739322533 0.5767543859649122 0.05743740795287187 0.0014619883040935672
0 0.34977908689248893 0.891812865497076 0.054491899852724596 0.017543859649122806
0 0.19440353460972018 0.6345029239766081 0.061855670103092786 0.017543859649122806
0 0.18924889543446244 0.5438596491228069 0.054491899852724596 0.02046783625730994
0 0.9005891016200295 0.5431286549707602 0.09278350515463918 0.033625730994152045
0 0.8564064801178203 0.7156432748538011 0.08689248895434462 0.03070175438596491
0 0.7982326951399116 0.6900584795321637 0.10309278350515463 0.03508771929824561
0 0.3939617083946981 0.9583333333333333 0.048600883652430045 0.013157894736842105
0 0.8976435935198822 0.8508771929824561 0.05154639175257732 0.03508771929824561
0 0.8468335787923417 0.5109649122807017 0.09425625920471281 0.03654970760233918
0 0.9300441826215022 0.5328947368421052 0.054491899852724596 0.03654970760233918