0 0.29044117647058826 0.8948170731707318 0.06911764705882353 0.013211382113821139
0 0.19338235294117648 0.5045731707317074 0.060294117647058824 0.017276422764227643
0 0.2 0.8628048780487806 0.07058823529411765 0.016260162601626018
0 0.17794117647058824 0.9303861788617888 0.07058823529411765 0.017276422764227643
0 0.2323529411764706 0.8328252032520326 0.08235294117647059 0.015243902439024392
0 0.31029411764705883 0.5533536585365855 0.055882352941176466 0.013211382113821139
0 0.14558823529411766 0.9502032520325204 0.07352941176470588 0.016260162601626018
0 0.1375 0.8927845528455286 0.057352941176470586 0.019308943089430895
0 0.7698529411764706 0.9146341463414636 0.06911764705882353 0.014227642276422765
0 0.09779411764705882 0.7652439024390245 0.054411764705882354 0.024390243902439025
0 0.11838235294117647 0.839939024390244 0.0661764705882353 0.0233739837398374
0 0.11029411764705882 0.5416666666666667 0.07352941176470588 0.03861788617886179