0 0.23637702503681884 0.8121345029239766 0.060382916053019146 0.024853801169590642
0 0.5331369661266568 0.8801169590643274 0.09720176730486009 0.02631578947368421
0 0.8512518409425626 0.8472222222222222 0.07952871870397643 0.024853801169590642
0 0.2106038291605302 0.712719298245614 0.07069219440353461 0.019005847953216373
0 0.4005891016200295 0.9539473684210525 0.061855670103092786 0.027777777777777776
0 0.43961708394698085 0.7543859649122806 0.14285714285714285 0.04678362573099415
0 0.19661266568483063 0.7616959064327485 0.06921944035346098 0.02046783625730994
0 0.14727540500736377 0.6425438596491228 0.07363770250368189 0.03654970760233918
1 0.12665684830633284 0.7704678362573099 0.03829160530191458 0.11695906432748537
0 0.9175257731958762 0.9495614035087718 0.04418262150220913 0.027777777777777776
0 0.04933726067746686 0.03216374269005848 0.030927835051546393 0.05847953216374269