0 0.7588235294117647 0.7865853658536586 0.061764705882352944 0.016260162601626018
0 0.2139705882352941 0.8145325203252033 0.07205882352941176 0.021341463414634148
0 0.2661764705882353 0.934959349593496 0.052941176470588235 0.014227642276422765
0 0.7176470588235294 0.89989837398374 0.07647058823529412 0.019308943089430895
0 0.47720588235294115 0.9303861788617888 0.08088235294117647 0.015243902439024392
0 0.11691176470588235 0.785569105691057 0.051470588235294115 0.012195121951219513
0 0.9191176470588235 0.47713414634146345 0.06764705882352941 0.0233739837398374
0 0.14779411764705883 0.8826219512195123 0.06323529411764706 0.0233739837398374
0 0.2139705882352941 0.96239837398374 0.060294117647058824 0.012195121951219513
0 0.14779411764705883 0.8572154471544716 0.06323529411764706 0.019308943089430895
0 0.3176470588235294 0.9761178861788619 0.06470588235294117 0.017276422764227643
0 0.08897058823529412 0.8790650406504066 0.03676470588235294 0.03861788617886179
0 0.10367647058823529 0.9380081300813009 0.04852941176470588 0.020325203252032523
0 0.15808823529411764 0.9578252032520326 0.060294117647058824 0.021341463414634148