0 0.13897058823529412 0.3348577235772358 0.060294117647058824 0.011178861788617888
0 0.7419117647058824 0.9176829268292684 0.07205882352941176 0.014227642276422765
0 0.8801470588235294 0.8653455284552847 0.0661764705882353 0.017276422764227643
0 0.7764705882352941 0.8993902439024392 0.055882352941176466 0.014227642276422765
0 0.8227941176470588 0.8760162601626017 0.075 0.022357723577235776
0 0.725 0.8196138211382115 0.052941176470588235 0.015243902439024392
0 0.7566176470588235 0.8343495934959351 0.060294117647058824 0.014227642276422765
0 0.40147058823529413 0.9608739837398375 0.07352941176470588 0.019308943089430895
0 0.7419117647058824 0.8246951219512196 0.08088235294117647 0.025406504065040653
0 0.6294117647058823 0.8511178861788619 0.061764705882352944 0.015243902439024392
0 0.1213235294117647 0.5101626016260163 0.025 0.02845528455284553
0 0.2301470588235294 0.36229674796747974 0.054411764705882354 0.019308943089430895