0 0.23637702503681884 0.8143274853801169 0.05743740795287187 0.023391812865497075
0 0.2614138438880707 0.8603801169590642 0.060382916053019146 0.027777777777777776
0 0.5235640648011782 0.6608187134502923 0.08394698085419734 0.02046783625730994
0 0.674521354933726 0.8355263157894737 0.07952871870397643 0.04239766081871345
0 0.3681885125184094 0.783625730994152 0.05891016200294551 0.02046783625730994
0 0.11487481590574374 0.9495614035087718 0.050073637702503684 0.019005847953216373
0 0.34536082474226804 0.614766081871345 0.07216494845360824 0.04239766081871345
0 0.6325478645066274 0.9327485380116959 0.05743740795287187 0.02046783625730994
0 0.44477172312223856 0.9232456140350876 0.05891016200294551 0.024853801169590642
0 0.40353460972017674 0.8048245614035088 0.07658321060382917 0.021929824561403508
0 0.7488954344624448 0.915204678362573 0.06332842415316642 0.02631578947368421
0 0.4263622974963181 0.658625730994152 0.0898379970544919 0.054093567251461985
0 0.2150220913107511 0.7280701754385964 0.029455081001472753 0.06140350877192982
0 0.10014727540500737 0.8421052631578947 0.04418262150220913 0.02046783625730994
0 0.0861561119293078 0.8143274853801169 0.022091310751104563 0.03508771929824561