0 0.617820324005891 0.8742690058479532 0.0662739322533137 0.023391812865497075
0 0.8092783505154639 0.837719298245614 0.05743740795287187 0.014619883040935672
0 0.16494845360824742 0.7470760233918128 0.05596465390279823 0.03216374269005848
0 0.10382916053019145 0.827485380116959 0.0662739322533137 0.04093567251461988
0 0.43888070692194403 0.5285087719298245 0.07363770250368189 0.021929824561403508
0 0.19808541973490426 0.9173976608187134 0.0780559646539028 0.024853801169590642
0 0.3276877761413844 0.9305555555555555 0.09278350515463918 0.03654970760233918
1 0.2106038291605302 0.8296783625730993 0.1296023564064801 0.059941520467836254
1 0.3681885125184094 0.6527777777777778 0.18262150220913106 0.0891812865497076
0 0.1796759941089838 0.41812865497076024 0.11192930780559646 0.06432748538011696
0 0.9293078055964654 0.8252923976608186 0.04418262150220913 0.05701754385964912