0 0.13181148748159058 0.7507309941520467 0.06332842415316642 0.024853801169590642
0 0.39690721649484534 0.5307017543859649 0.06921944035346098 0.023391812865497075
0 0.17893961708394698 0.6454678362573099 0.0662739322533137 0.027777777777777776
0 0.4926362297496318 0.5599415204678362 0.08689248895434462 0.023391812865497075
0 0.15390279823269515 0.8998538011695906 0.060382916053019146 0.033625730994152045
0 0.430780559646539 0.8384502923976608 0.0780559646539028 0.024853801169590642
0 0.9153166421207658 0.790204678362573 0.054491899852724596 0.021929824561403508
0 0.3240058910162003 0.7690058479532164 0.06480117820324005 0.03508771929824561
0 0.853460972017673 0.8940058479532164 0.054491899852724596 0.021929824561403508
0 0.24594992636229748 0.8084795321637427 0.10014727540500737 0.03216374269005848
0 0.8703976435935199 0.5862573099415205 0.03829160530191458 0.029239766081871343
0 0.8748159057437408 0.7997076023391813 0.041237113402061855 0.029239766081871343
0 0.6487481590574374 0.7573099415204678 0.05154639175257732 0.03508771929824561
1 0.34977908689248893 0.8128654970760234 0.08689248895434462 0.03216374269005848
0 0.10972017673048601 0.9517543859649122 0.042709867452135494 0.023391812865497075
0 0.203240058910162 0.7638888888888888 0.04418262150220913 0.03654970760233918