0 0.5875 0.7423780487804879 0.0838235294117647 0.019308943089430895
0 0.42426470588235293 0.728658536585366 0.1161764705882353 0.030487804878048783
0 0.35 0.9227642276422765 0.05 0.012195121951219513
0 0.13088235294117648 0.821138211382114 0.061764705882352944 0.016260162601626018
0 0.19852941176470587 0.791158536585366 0.07058823529411765 0.015243902439024392
0 0.8691176470588236 0.7469512195121952 0.058823529411764705 0.012195121951219513
0 0.44926470588235295 0.8678861788617888 0.057352941176470586 0.012195121951219513
0 0.32794117647058824 0.9430894308943091 0.055882352941176466 0.012195121951219513
0 0.8772058823529412 0.7261178861788619 0.054411764705882354 0.011178861788617888
0 0.4852941176470588 0.9603658536585367 0.10588235294117647 0.024390243902439025
1 0.3610294117647059 0.8328252032520326 0.075 0.03353658536585366
1 0.29926470588235293 0.9664634146341464 0.08970588235294118 0.032520325203252036
1 0.33602941176470585 0.8744918699186993 0.09852941176470588 0.0233739837398374
0 0.15073529411764705 0.7621951219512196 0.039705882352941174 0.030487804878048783