0 0.8586156111929307 0.7660818713450293 0.050073637702503684 0.017543859649122806
0 0.8475699558173785 0.8391812865497076 0.101620029455081 0.029239766081871343
0 0.7393225331369662 0.7426900584795322 0.07658321060382917 0.023391812865497075
0 0.6310751104565537 0.7280701754385964 0.06921944035346098 0.03216374269005848
0 0.4315169366715758 0.72953216374269 0.09720176730486009 0.023391812865497075
0 0.4963181148748159 0.7967836257309941 0.11487481590574374 0.029239766081871343
0 0.3011782032400589 0.7317251461988303 0.09867452135493372 0.021929824561403508
0 0.7393225331369662 0.9217836257309941 0.15022091310751104 0.03654970760233918
0 0.6840942562592047 0.8940058479532164 0.11634756995581738 0.039473684210526314
1 0.3181148748159057 0.790204678362573 0.05596465390279823 0.04239766081871345
1 0.3954344624447717 0.8143274853801169 0.09278350515463918 0.029239766081871343
0 0.5662739322533137 0.4451754385964912 0.09572901325478644 0.03070175438596491