0 0.8191176470588235 0.6935975609756099 0.08823529411764705 0.017276422764227643
0 0.7794117647058824 0.723069105691057 0.07058823529411765 0.011178861788617888
0 0.8448529411764706 0.6529471544715448 0.051470588235294115 0.013211382113821139
0 0.7669117647058823 0.5879065040650407 0.07205882352941176 0.015243902439024392
0 0.8757352941176471 0.7220528455284554 0.054411764705882354 0.011178861788617888
0 0.7904411764705882 0.628048780487805 0.0838235294117647 0.030487804878048783
0 0.8419117647058824 0.5899390243902439 0.060294117647058824 0.017276422764227643
0 0.8566176470588235 0.6183943089430894 0.039705882352941174 0.021341463414634148
0 0.9022058823529412 0.6219512195121952 0.07794117647058824 0.020325203252032523
0 0.9205882352941176 0.654979674796748 0.058823529411764705 0.019308943089430895
0 0.8985294117647059 0.6763211382113822 0.058823529411764705 0.02947154471544716