0 0.8397058823529412 0.7235772357723578 0.07058823529411765 0.016260162601626018
0 0.7617647058823529 0.6438008130081302 0.07352941176470588 0.015243902439024392
0 0.6676470588235294 0.8912601626016261 0.1 0.026422764227642278
0 0.22205882352941175 0.9171747967479675 0.055882352941176466 0.011178861788617888
0 0.6544117647058824 0.8175813008130082 0.07647058823529412 0.019308943089430895
0 0.2889705882352941 0.85619918699187 0.051470588235294115 0.015243902439024392
0 0.9088235294117647 0.8607723577235773 0.06470588235294117 0.01829268292682927
0 0.22647058823529412 0.7718495934959351 0.10294117647058823 0.03556910569105692
0 0.41691176470588237 0.7982723577235773 0.075 0.025406504065040653
0 0.11544117647058823 0.791158536585366 0.06911764705882353 0.015243902439024392
0 0.9117647058823529 0.7566056910569107 0.07352941176470588 0.019308943089430895
1 0.5470588235294117 0.9410569105691058 0.16470588235294117 0.042682926829268296
0 0.7536764705882353 0.9491869918699188 0.0838235294117647 0.016260162601626018
0 0.12794117647058822 0.8175813008130082 0.032352941176470584 0.013211382113821139
1 0.40147058823529413 0.9756097560975611 0.12058823529411765 0.024390243902439025
0 0.7470588235294118 0.5970528455284554 0.07058823529411765 0.013211382113821139
0 0.8441176470588235 0.9232723577235773 0.06764705882352941 0.019308943089430895
0 0.8066176470588236 0.5716463414634146 0.07794117647058824 0.017276422764227643
0 0.2698529411764706 0.9009146341463415 0.04852941176470588 0.015243902439024392
0 0.7573529411764706 0.5833333333333334 0.07352941176470588 0.01829268292682927