0 0.6730486008836524 0.8150584795321637 0.07658321060382917 0.021929824561403508
0 0.6148748159057438 0.5533625730994152 0.060382916053019146 0.021929824561403508
0 0.7739322533136966 0.5942982456140351 0.0780559646539028 0.021929824561403508
0 0.9057437407952872 0.554093567251462 0.061855670103092786 0.017543859649122806
0 0.1369661266568483 0.7624269005847952 0.06480117820324005 0.03070175438596491
0 0.7820324005891016 0.8464912280701754 0.07363770250368189 0.02046783625730994
0 0.5375552282768777 0.8793859649122806 0.07952871870397643 0.027777777777777776
0 0.21354933726067746 0.9320175438596491 0.07069219440353461 0.024853801169590642
0 0.6273932253313697 0.9232456140350876 0.07658321060382917 0.021929824561403508
0 0.463181148748159 0.9276315789473684 0.08100147275405008 0.019005847953216373
0 0.43593519882179677 0.9656432748538011 0.06480117820324005 0.024853801169590642
0 0.17304860088365243 0.8187134502923976 0.01914580265095729 0.043859649122807015
1 0.3600883652430044 0.9788011695906432 0.039764359351988215 0.021929824561403508