0 0.8713235294117647 0.35721544715447157 0.060294117647058824 0.019308943089430895
0 0.8830882352941176 0.4649390243902439 0.07205882352941176 0.0233739837398374
0 0.7566176470588235 0.49949186991869926 0.0661764705882353 0.013211382113821139
0 0.9058823529411765 0.39176829268292684 0.07352941176470588 0.021341463414634148
0 0.8161764705882353 0.43750000000000006 0.06470588235294117 0.017276422764227643
0 0.8360294117647059 0.8094512195121952 0.054411764705882354 0.013211382113821139
0 0.8022058823529412 0.5721544715447155 0.0838235294117647 0.020325203252032523
0 0.6808823529411765 0.9573170731707318 0.09117647058823529 0.020325203252032523
0 0.8264705882352941 0.8485772357723578 0.07058823529411765 0.026422764227642278
0 0.14779411764705883 0.8313008130081302 0.07205882352941176 0.014227642276422765
0 0.7316176470588235 0.8744918699186993 0.08970588235294118 0.017276422764227643
0 0.6955882352941176 0.6946138211382115 0.09705882352941177 0.04369918699186992
0 0.6977941176470588 0.6234756097560976 0.06323529411764706 0.013211382113821139
0 0.36911764705882355 0.7906504065040652 0.13529411764705881 0.032520325203252036
0 0.8014705882352942 0.8866869918699188 0.06470588235294117 0.015243902439024392
0 0.8698529411764706 0.5416666666666667 0.07205882352941176 0.022357723577235776
0 0.7125 0.7200203252032521 0.11029411764705882 0.021341463414634148
0 0.8860294117647058 0.5787601626016261 0.07794117647058824 0.03353658536585366
0 0.8213235294117647 0.6600609756097562 0.09852941176470588 0.021341463414634148
0 0.7264705882352941 0.44563008130081305 0.11470588235294117 0.021341463414634148
0 0.5977941176470588 0.8470528455284554 0.125 0.027439024390243906
0 0.8463235294117647 0.6199186991869919 0.07205882352941176 0.024390243902439025
0 0.8772058823529412 0.5162601626016261 0.06323529411764706 0.016260162601626018
0 0.8308823529411764 0.902439024390244 0.09705882352941177 0.020325203252032523
0 0.5058823529411764 0.6214430894308943 0.044117647058823525 0.021341463414634148
0 0.9036764705882353 0.5264227642276423 0.10735294117647058 0.034552845528455285
0 0.8919117647058823 0.66869918699187 0.04852941176470588 0.020325203252032523
0 0.7566176470588235 0.44512195121951226 0.054411764705882354 0.014227642276422765
0 0.7485294117647059 0.8363821138211383 0.06470588235294117 0.02845528455284553