0 0.2566176470588235 0.951219512195122 0.11911764705882352 0.02845528455284553
0 0.8536764705882353 0.8805894308943091 0.04852941176470588 0.015243902439024392
0 0.1536764705882353 0.8917682926829269 0.045588235294117645 0.019308943089430895
0 0.7705882352941177 0.9217479674796749 0.1 0.034552845528455285
0 0.16691176470588234 0.9669715447154472 0.051470588235294115 0.017276422764227643
1 0.5639705882352941 0.8821138211382115 0.13970588235294118 0.04065040650406505
0 0.7036764705882352 0.690548780487805 0.04264705882352941 0.021341463414634148
0 0.9117647058823529 0.6006097560975611 0.047058823529411764 0.02845528455284553
0 0.28161764705882353 0.758130081300813 0.09852941176470588 0.07723577235772358
0 0.15441176470588236 0.7987804878048781 0.055882352941176466 0.020325203252032523
0 0.7573529411764706 0.8495934959349595 0.10882352941176471 0.02845528455284553