0 0.17794117647058824 0.8816056910569107 0.061764705882352944 0.013211382113821139
0 0.5683823529411764 0.8338414634146343 0.0661764705882353 0.015243902439024392
0 0.5404411764705882 0.888719512195122 0.0661764705882353 0.011178861788617888
0 0.6485294117647059 0.8628048780487806 0.06764705882352941 0.01829268292682927
0 0.25 0.9253048780487806 0.08235294117647059 0.0233739837398374
0 0.13014705882352942 0.9192073170731708 0.051470588235294115 0.011178861788617888
0 0.15073529411764705 0.9029471544715448 0.04852941176470588 0.013211382113821139
0 0.5683823529411764 0.9217479674796749 0.09264705882352942 0.02845528455284553
0 0.18529411764705883 0.9395325203252034 0.055882352941176466 0.013211382113821139
0 0.08970588235294118 0.8882113821138212 0.03823529411764706 0.014227642276422765
0 0.3286764705882353 0.946138211382114 0.06323529411764706 0.014227642276422765
0 0.4294117647058823 0.9634146341463415 0.10294117647058823 0.016260162601626018
0 0.2926470588235294 0.9771341463414636 0.061764705882352944 0.015243902439024392