0 0.7106038291605302 0.9027777777777777 0.07216494845360824 0.03070175438596491
0 0.24594992636229748 0.6001461988304093 0.061855670103092786 0.019005847953216373
0 0.6045655375552282 0.8771929824561403 0.07216494845360824 0.02046783625730994
0 0.32547864506627394 0.6805555555555555 0.07363770250368189 0.024853801169590642
0 0.4410898379970545 0.9320175438596491 0.06332842415316642 0.03070175438596491
0 0.4057437407952872 0.8786549707602339 0.05154639175257732 0.017543859649122806
0 0.8313696612665684 0.9130116959064327 0.045655375552282766 0.019005847953216373
0 0.2260677466863034 0.9583333333333333 0.054491899852724596 0.01608187134502924
0 0.31443298969072164 0.9502923976608186 0.12223858615611193 0.05847953216374269
0 0.8490427098674521 0.8596491228070176 0.042709867452135494 0.02631578947368421
0 0.8792341678939617 0.929093567251462 0.041237113402061855 0.024853801169590642
0 0.7606774668630338 0.9714912280701754 0.07216494845360824 0.021929824561403508
1 0.4852724594992636 0.9729532163742689 0.06921944035346098 0.021929824561403508