0 0.11487481590574374 0.9122807017543859 0.06480117820324005 0.02046783625730994
0 0.1251840942562592 0.6498538011695906 0.07363770250368189 0.021929824561403508
0 0.3483063328424153 0.891812865497076 0.06921944035346098 0.03216374269005848
0 0.4116347569955817 0.9108187134502923 0.06332842415316642 0.029239766081871343
0 0.821060382916053 0.9247076023391813 0.05154639175257732 0.021929824561403508
0 0.6266568483063328 0.692251461988304 0.08100147275405008 0.033625730994152045
0 0.634020618556701 0.8888888888888888 0.09572901325478644 0.03508771929824561
0 0.3055964653902798 0.5562865497076023 0.1605301914580265 0.04532163742690058
0 0.2304860088365243 0.7309941520467835 0.054491899852724596 0.049707602339181284
0 0.09278350515463918 0.8194444444444444 0.03829160530191458 0.027777777777777776
0 0.8792341678939617 0.9064327485380117 0.050073637702503684 0.038011695906432746