0 0.1134020618556701 0.6542397660818713 0.06774668630338733 0.021929824561403508
0 0.14580265095729014 0.881578947368421 0.05891016200294551 0.03508771929824561
0 0.3549337260677467 0.7375730994152047 0.07952871870397643 0.027777777777777776
0 0.4410898379970545 0.6476608187134503 0.09278350515463918 0.023391812865497075
0 0.5073637702503682 0.8062865497076023 0.08689248895434462 0.027777777777777776
0 0.35640648011782033 0.5643274853801169 0.05596465390279823 0.023391812865497075
0 0.6840942562592047 0.8801169590643274 0.05154639175257732 0.02046783625730994
0 0.5154639175257731 0.739766081871345 0.05596465390279823 0.017543859649122806
0 0.3055964653902798 0.35453216374269003 0.048600883652430045 0.03070175438596491
0 0.4020618556701031 0.10818713450292397 0.07363770250368189 0.03216374269005848
0 0.48748159057437407 0.5307017543859649 0.03829160530191458 0.029239766081871343
0 0.8328424153166422 0.7960526315789473 0.054491899852724596 0.039473684210526314