0 0.1698529411764706 0.7500000000000001 0.06911764705882353 0.016260162601626018
0 0.10073529411764706 0.6432926829268293 0.06323529411764706 0.020325203252032523
0 0.5985294117647059 0.9380081300813009 0.06470588235294117 0.014227642276422765
0 0.6301470588235294 0.8003048780487806 0.0661764705882353 0.017276422764227643
0 0.28088235294117647 0.7057926829268294 0.07058823529411765 0.019308943089430895
0 0.09411764705882353 0.8750000000000001 0.058823529411764705 0.022357723577235776
0 0.09705882352941177 0.5594512195121952 0.06764705882352941 0.0233739837398374
0 0.24926470588235294 0.6255081300813009 0.060294117647058824 0.017276422764227643
0 0.4786764705882353 0.809959349593496 0.07205882352941176 0.022357723577235776
1 0.22941176470588234 0.5777439024390244 0.052941176470588235 0.017276422764227643
0 0.15073529411764705 0.5838414634146342 0.04264705882352941 0.03150406504065041
1 0.375 0.7708333333333334 0.058823529411764705 0.027439024390243906
1 0.22941176470588234 0.723069105691057 0.023529411764705882 0.04979674796747968