0 0.13549337260677466 0.9049707602339181 0.047128129602356406 0.029239766081871343
0 0.8593519882179675 0.7448830409356725 0.05743740795287187 0.024853801169590642
0 0.8564064801178203 0.6695906432748537 0.05743740795287187 0.023391812865497075
0 0.8438880706921944 0.7975146198830408 0.06480117820324005 0.019005847953216373
0 0.7179675994108984 0.8925438596491228 0.12812960235640647 0.05701754385964912
0 0.8475699558173785 0.8691520467836257 0.0662739322533137 0.03654970760233918
0 0.18924889543446244 0.861111111111111 0.060382916053019146 0.017543859649122806
0 0.9153166421207658 0.7251461988304093 0.05743740795287187 0.029239766081871343
0 0.0898379970544919 0.790204678362573 0.06480117820324005 0.019005847953216373
0 0.9035346097201767 0.37573099415204675 0.039764359351988215 0.03216374269005848
0 0.938880706921944 0.4334795321637427 0.042709867452135494 0.04824561403508772
1 0.31443298969072164 0.9049707602339181 0.054491899852724596 0.06432748538011696