0 0.6435935198821796 0.685672514619883 0.061855670103092786 0.02046783625730994
0 0.15537555228276878 0.8194444444444444 0.06332842415316642 0.027777777777777776
0 0.33136966126656847 0.8552631578947368 0.05891016200294551 0.02046783625730994
0 0.7496318114874816 0.9283625730994152 0.050073637702503684 0.02046783625730994
0 0.10456553755522828 0.8903508771929824 0.08836524300441825 0.03216374269005848
0 0.40868924889543445 0.8033625730994152 0.06921944035346098 0.027777777777777776
0 0.3483063328424153 0.8983918128654971 0.0662739322533137 0.033625730994152045
0 0.11634756995581738 0.9480994152046783 0.047128129602356406 0.01608187134502924
0 0.7849779086892489 0.9013157894736842 0.07658321060382917 0.027777777777777776
0 0.09057437407952872 0.8143274853801169 0.039764359351988215 0.03216374269005848
0 0.21428571428571427 0.9320175438596491 0.039764359351988215 0.03070175438596491
0 0.101620029455081 0.7675438596491228 0.032400589101620025 0.017543859649122806
0 0.23343151693667158 0.9685672514619883 0.033873343151693665 0.019005847953216373