0 0.7661764705882352 0.6275406504065041 0.06470588235294117 0.013211382113821139
0 0.8352941176470589 0.5086382113821138 0.07058823529411765 0.0233739837398374
0 0.9051470588235294 0.41971544715447157 0.060294117647058824 0.014227642276422765
0 0.3286764705882353 0.9705284552845529 0.0838235294117647 0.032520325203252036
0 0.7330882352941176 0.8597560975609757 0.09558823529411764 0.022357723577235776
0 0.6257352941176471 0.7083333333333334 0.1338235294117647 0.024390243902439025
0 0.7897058823529411 0.570630081300813 0.09705882352941177 0.025406504065040653
0 0.8205882352941176 0.8810975609756099 0.10294117647058823 0.024390243902439025
0 0.9029411764705882 0.4908536585365854 0.07352941176470588 0.022357723577235776
0 0.7867647058823529 0.7820121951219513 0.07352941176470588 0.015243902439024392
0 0.8029411764705883 0.924288617886179 0.052941176470588235 0.017276422764227643
0 0.7360294117647058 0.6539634146341464 0.04852941176470588 0.013211382113821139
0 0.8397058823529412 0.6692073170731708 0.08529411764705883 0.03353658536585366
0 0.549264705882353 0.7860772357723578 0.1514705882352941 0.027439024390243906
0 0.8066176470588236 0.7576219512195123 0.14852941176470588 0.0233739837398374
0 0.8897058823529411 0.5960365853658537 0.05 0.025406504065040653
0 0.8897058823529411 0.6417682926829269 0.061764705882352944 0.04166666666666667
0 0.3426470588235294 0.7850609756097562 0.041176470588235294 0.019308943089430895