0 0.5669117647058823 0.5020325203252033 0.075 0.014227642276422765
0 0.2823529411764706 0.7113821138211383 0.08823529411764705 0.030487804878048783
0 0.5977941176470588 0.6041666666666667 0.0838235294117647 0.013211382113821139
0 0.3397058823529412 0.5609756097560976 0.06470588235294117 0.020325203252032523
0 0.6647058823529411 0.4578252032520326 0.047058823529411764 0.013211382113821139
0 0.7102941176470589 0.5802845528455285 0.09411764705882353 0.016260162601626018
0 0.5029411764705882 0.5198170731707318 0.07352941176470588 0.013211382113821139
0 0.6536764705882353 0.5553861788617886 0.0661764705882353 0.009146341463414635
0 0.5441176470588235 0.5376016260162603 0.061764705882352944 0.016260162601626018
0 0.6514705882352941 0.5060975609756098 0.06764705882352941 0.020325203252032523
0 0.6558823529411765 0.4883130081300813 0.061764705882352944 0.017276422764227643
0 0.638235294117647 0.5426829268292683 0.052941176470588235 0.012195121951219513
0 0.5823529411764706 0.529979674796748 0.03529411764705882 0.011178861788617888