0 0.3286764705882353 0.4009146341463415 0.057352941176470586 0.015243902439024392
0 0.12058823529411765 0.3871951219512196 0.061764705882352944 0.016260162601626018
0 0.8036764705882353 0.5350609756097562 0.0661764705882353 0.015243902439024392
0 0.20073529411764707 0.4908536585365854 0.0661764705882353 0.014227642276422765
0 0.8176470588235294 0.7169715447154472 0.1264705882352941 0.02947154471544716
0 0.7566176470588235 0.6747967479674798 0.057352941176470586 0.01829268292682927
0 0.425 0.342479674796748 0.061764705882352944 0.020325203252032523
0 0.7448529411764706 0.9070121951219513 0.10441176470588236 0.0233739837398374
0 0.8610294117647058 0.8104674796747968 0.07205882352941176 0.017276422764227643
0 0.48970588235294116 0.366869918699187 0.055882352941176466 0.020325203252032523
0 0.8705882352941177 0.8460365853658538 0.052941176470588235 0.015243902439024392
0 0.25735294117647056 0.5228658536585367 0.07058823529411765 0.011178861788617888
0 0.2411764705882353 0.559959349593496 0.052941176470588235 0.012195121951219513
0 0.8316176470588236 0.7591463414634148 0.07794117647058824 0.016260162601626018
0 0.775 0.7754065040650407 0.1 0.02845528455284553
0 0.1713235294117647 0.6438008130081302 0.051470588235294115 0.015243902439024392
0 0.763235294117647 0.7743902439024392 0.06470588235294117 0.01829268292682927
0 0.23676470588235293 0.6702235772357724 0.058823529411764705 0.03150406504065041
0 0.19411764705882353 0.5376016260162603 0.03823529411764706 0.020325203252032523
0 0.23676470588235293 0.3633130081300813 0.058823529411764705 0.04166666666666667