0 0.9029411764705882 0.7454268292682927 0.047058823529411764 0.019308943089430895
0 0.8161764705882353 0.598069105691057 0.08235294117647059 0.017276422764227643
0 0.7926470588235294 0.508130081300813 0.07352941176470588 0.012195121951219513
0 0.16470588235294117 0.9542682926829269 0.06764705882352941 0.020325203252032523
0 0.9125 0.608739837398374 0.0661764705882353 0.020325203252032523
0 0.7573529411764706 0.5213414634146342 0.061764705882352944 0.014227642276422765
0 0.9080882352941176 0.6554878048780488 0.06911764705882353 0.014227642276422765
0 0.8264705882352941 0.5904471544715448 0.10882352941176471 0.030487804878048783
0 0.7977941176470588 0.5589430894308943 0.06911764705882353 0.016260162601626018
0 0.8242647058823529 0.5330284552845529 0.051470588235294115 0.019308943089430895
0 0.9102941176470588 0.6671747967479675 0.058823529411764705 0.017276422764227643