0 0.22164948453608246 0.777046783625731 0.06332842415316642 0.024853801169590642
0 0.13549337260677466 0.8654970760233918 0.05891016200294551 0.02631578947368421
0 0.3556701030927835 0.7960526315789473 0.08394698085419734 0.024853801169590642
0 0.2857142857142857 0.6864035087719298 0.05596465390279823 0.021929824561403508
0 0.203240058910162 0.6864035087719298 0.07952871870397643 0.024853801169590642
0 0.7098674521354934 0.9400584795321637 0.047128129602356406 0.02046783625730994
0 0.1642120765832106 0.8055555555555555 0.0662739322533137 0.023391812865497075
0 0.37628865979381443 0.8698830409356725 0.08394698085419734 0.023391812865497075
0 0.6620029455081001 0.6615497076023391 0.16642120765832105 0.04824561403508772
0 0.08321060382916053 0.6242690058479532 0.05154639175257732 0.03216374269005848
0 0.09646539027982327 0.8479532163742689 0.042709867452135494 0.03216374269005848