0 0.1661764705882353 0.4156504065040651 0.055882352941176466 0.012195121951219513
0 0.2757352941176471 0.8709349593495936 0.054411764705882354 0.016260162601626018
0 0.5838235294117647 0.8501016260162603 0.07647058823529412 0.02947154471544716
0 0.1698529411764706 0.5121951219512195 0.057352941176470586 0.020325203252032523
0 0.6867647058823529 0.6727642276422765 0.05 0.012195121951219513
0 0.6220588235294118 0.7342479674796749 0.09411764705882353 0.019308943089430895
0 0.14485294117647057 0.3536585365853659 0.051470588235294115 0.022357723577235776
0 0.7544117647058823 0.8414634146341464 0.061764705882352944 0.01829268292682927
0 0.6992647058823529 0.8201219512195123 0.08676470588235294 0.026422764227642278
0 0.5764705882352941 0.904979674796748 0.07352941176470588 0.019308943089430895
0 0.13161764705882353 0.3485772357723578 0.07205882352941176 0.030487804878048783
0 0.6161764705882353 0.9288617886178863 0.10588235294117647 0.02845528455284553
0 0.09411764705882353 0.5370934959349594 0.041176470588235294 0.047764227642276426
0 0.10588235294117647 0.6565040650406505 0.03823529411764706 0.022357723577235776
0 0.14926470588235294 0.8140243902439025 0.04852941176470588 0.020325203252032523
0 0.10661764705882353 0.8368902439024392 0.016176470588235292 0.013211382113821139
0 0.15808823529411764 0.5548780487804879 0.022058823529411763 0.01829268292682927
0 0.2639705882352941 0.39075203252032525 0.054411764705882354 0.025406504065040653