0 0.2536764705882353 0.7535569105691058 0.0661764705882353 0.019308943089430895
0 0.2301470588235294 0.7942073170731708 0.075 0.017276422764227643
0 0.3911764705882353 0.7550813008130082 0.07941176470588235 0.016260162601626018
0 0.7985294117647058 0.8485772357723578 0.058823529411764705 0.014227642276422765
0 0.18308823529411763 0.8948170731707318 0.0661764705882353 0.021341463414634148
0 0.08308823529411764 0.5264227642276423 0.054411764705882354 0.01829268292682927
0 0.10367647058823529 0.6636178861788619 0.054411764705882354 0.014227642276422765
0 0.5595588235294118 0.747459349593496 0.07794117647058824 0.015243902439024392
0 0.6882352941176471 0.9217479674796749 0.06764705882352941 0.016260162601626018
0 0.7764705882352941 0.9253048780487806 0.09411764705882353 0.02947154471544716
0 0.7183823529411765 0.8810975609756099 0.08088235294117647 0.01829268292682927
0 0.09044117647058823 0.6310975609756099 0.07794117647058824 0.014227642276422765
0 0.7308823529411764 0.8694105691056911 0.08235294117647059 0.019308943089430895
1 0.48308823529411765 0.8338414634146343 0.13676470588235293 0.027439024390243906
0 0.3654411764705882 0.9400406504065042 0.11911764705882352 0.02845528455284553
0 0.10294117647058823 0.9146341463414636 0.05 0.014227642276422765
0 0.5507352941176471 0.9425813008130083 0.11323529411764706 0.025406504065040653
0 0.6088235294117647 0.9476626016260163 0.058823529411764705 0.015243902439024392
0 0.2985294117647059 0.9827235772357724 0.058823529411764705 0.014227642276422765
0 0.27058823529411763 0.964939024390244 0.06764705882352941 0.017276422764227643