0 0.6955882352941176 0.71239837398374 0.1264705882352941 0.024390243902439025
0 0.6161764705882353 0.5050813008130082 0.07647058823529412 0.016260162601626018
0 0.1698529411764706 0.9679878048780489 0.057352941176470586 0.013211382113821139
0 0.5933823529411765 0.7545731707317074 0.08676470588235294 0.015243902439024392
0 0.6919117647058823 0.8191056910569107 0.08088235294117647 0.024390243902439025
0 0.23529411764705882 0.8917682926829269 0.047058823529411764 0.015243902439024392
0 0.7816176470588235 0.753048780487805 0.051470588235294115 0.016260162601626018
0 0.5566176470588236 0.8368902439024392 0.060294117647058824 0.015243902439024392
0 0.21029411764705883 0.8694105691056911 0.058823529411764705 0.0233739837398374
0 0.13455882352941176 0.7738821138211383 0.06911764705882353 0.04573170731707318
0 0.3897058823529412 0.8495934959349595 0.061764705882352944 0.020325203252032523
0 0.14338235294117646 0.8277439024390245 0.045588235294117645 0.017276422764227643