0 0.6435935198821796 0.7163742690058479 0.09720176730486009 0.029239766081871343
0 0.7960235640648011 0.6403508771929824 0.06332842415316642 0.02046783625730994
0 0.674521354933726 0.8114035087719298 0.061855670103092786 0.02046783625730994
0 0.29381443298969073 0.5921052631578947 0.07216494845360824 0.029239766081871343
0 0.8350515463917526 0.5855263157894737 0.11192930780559646 0.033625730994152045
0 0.12886597938144329 0.6388888888888888 0.048600883652430045 0.02046783625730994
0 0.5758468335787923 0.7894736842105263 0.08247422680412371 0.029239766081871343
0 0.8564064801178203 0.9217836257309941 0.060382916053019146 0.019005847953216373
0 0.7128129602356407 0.587719298245614 0.07952871870397643 0.02046783625730994
0 0.6811487481590575 0.6125730994152047 0.09867452135493372 0.02631578947368421
0 0.7187039764359352 0.9078947368421052 0.07658321060382917 0.023391812865497075
0 0.4572901325478645 0.6827485380116959 0.08100147275405008 0.03216374269005848
0 0.9020618556701031 0.952485380116959 0.05154639175257732 0.021929824561403508
0 0.27835051546391754 0.844298245614035 0.053019145802650956 0.027777777777777776
0 0.11855670103092783 0.4466374269005848 0.042709867452135494 0.05701754385964912
0 0.093519882179676 0.2536549707602339 0.060382916053019146 0.10087719298245613
0 0.2650957290132548 0.695906432748538 0.12665684830633284 0.05263157894736842
1 0.2547864506627393 0.9269005847953216 0.1296023564064801 0.038011695906432746
1 0.2584683357879234 0.956140350877193 0.11929307805596465 0.03216374269005848
0 0.8026509572901326 0.9400584795321637 0.041237113402061855 0.023391812865497075