0 0.7967599410898379 0.6622807017543859 0.07069219440353461 0.029239766081871343
0 0.6811487481590575 0.6513157894736842 0.048600883652430045 0.019005847953216373
0 0.812960235640648 0.7865497076023391 0.053019145802650956 0.023391812865497075
0 0.9013254786450663 0.831140350877193 0.05596465390279823 0.019005847953216373
0 0.7187039764359352 0.9210526315789473 0.09425625920471281 0.03216374269005848
0 0.4808541973490427 0.8296783625730993 0.06921944035346098 0.03070175438596491
0 0.3387334315169367 0.8786549707602339 0.10309278350515463 0.038011695906432746
0 0.17525773195876287 0.9364035087719298 0.05891016200294551 0.027777777777777776
0 0.26730486008836524 0.9159356725146198 0.08394698085419734 0.021929824561403508
0 0.21281296023564064 0.1162280701754386 0.060382916053019146 0.03070175438596491
0 0.10751104565537555 0.07894736842105263 0.05596465390279823 0.049707602339181284