0 0.7926470588235294 0.8140243902439025 0.06470588235294117 0.014227642276422765
0 0.8080882352941177 0.883638211382114 0.06323529411764706 0.017276422764227643
0 0.7948529411764705 0.9278455284552847 0.06911764705882353 0.020325203252032523
0 0.22647058823529412 0.8866869918699188 0.052941176470588235 0.015243902439024392
0 0.7441176470588236 0.42479674796747974 0.07647058823529412 0.01829268292682927
0 0.8514705882352941 0.7179878048780488 0.052941176470588235 0.013211382113821139
0 0.3014705882352941 0.7560975609756099 0.15 0.042682926829268296
0 0.4073529411764706 0.6077235772357724 0.08235294117647059 0.016260162601626018
0 0.5963235294117647 0.45274390243902446 0.09264705882352942 0.017276422764227643
0 0.2161764705882353 0.9527439024390245 0.11470588235294117 0.02947154471544716
0 0.7029411764705882 0.5284552845528456 0.09411764705882353 0.020325203252032523
0 0.3639705882352941 0.48018292682926833 0.10441176470588236 0.02947154471544716
0 0.11764705882352941 0.9471544715447155 0.058823529411764705 0.01829268292682927
0 0.11397058823529412 0.8729674796747968 0.057352941176470586 0.016260162601626018
1 0.575735294117647 0.5929878048780488 0.1426470588235294 0.02947154471544716
1 0.4007352941176471 0.8988821138211383 0.14558823529411766 0.03963414634146342
0 0.7485294117647059 0.973069105691057 0.032352941176470584 0.011178861788617888
0 0.0838235294117647 0.3485772357723578 0.03823529411764706 0.02845528455284553
1 0.3161764705882353 0.9532520325203253 0.10588235294117647 0.02845528455284553
0 0.8661764705882353 0.964939024390244 0.041176470588235294 0.017276422764227643
0 0.11176470588235293 0.85619918699187 0.026470588235294117 0.011178861788617888
0 0.8566176470588235 0.8038617886178863 0.033823529411764704 0.03658536585365854