0 0.12002945508100148 0.6834795321637427 0.05154639175257732 0.024853801169590642
0 0.23343151693667158 0.6798245614035088 0.07216494845360824 0.02631578947368421
0 0.17746686303387335 0.9181286549707601 0.05154639175257732 0.029239766081871343
0 0.32989690721649484 0.8728070175438596 0.07069219440353461 0.02631578947368421
0 0.20692194403534608 0.7558479532163742 0.06332842415316642 0.02046783625730994
0 0.3070692194403535 0.9320175438596491 0.07511045655375552 0.024853801169590642
0 0.3335787923416789 0.6228070175438596 0.21649484536082475 0.05555555555555555
0 0.5633284241531664 0.9451754385964912 0.11929307805596465 0.059941520467836254
0 0.3011782032400589 0.9495614035087718 0.05154639175257732 0.013157894736842105
0 0.1170839469808542 0.756578947368421 0.025036818851251842 0.05116959064327485
0 0.23784977908689248 0.7741228070175438 0.025036818851251842 0.04824561403508772