0 0.8698529411764706 0.7515243902439025 0.060294117647058824 0.021341463414634148
0 0.7764705882352941 0.904979674796748 0.06470588235294117 0.0233739837398374
0 0.8448529411764706 0.7063008130081302 0.0661764705882353 0.024390243902439025
0 0.16544117647058823 0.9471544715447155 0.09264705882352942 0.02845528455284553
0 0.21176470588235294 0.8064024390243903 0.055882352941176466 0.019308943089430895
0 0.8772058823529412 0.6453252032520326 0.0838235294117647 0.034552845528455285
0 0.8191176470588235 0.83739837398374 0.12352941176470589 0.034552845528455285
0 0.11102941176470588 0.7367886178861789 0.051470588235294115 0.030487804878048783
0 0.11102941176470588 0.44563008130081305 0.051470588235294115 0.05386178861788619
0 0.09117647058823529 0.8582317073170732 0.03529411764705882 0.03150406504065041
0 0.15 0.9156504065040652 0.07058823529411765 0.02845528455284553
0 0.8698529411764706 0.6910569105691058 0.045588235294117645 0.024390243902439025
0 0.8720588235294118 0.8511178861788619 0.06764705882352941 0.03150406504065041