0 0.833578792341679 0.7368421052631579 0.06480117820324005 0.03216374269005848
0 0.8424153166421208 0.6154970760233918 0.07069219440353461 0.02046783625730994
0 0.7945508100147275 0.8896198830409356 0.0662739322533137 0.019005847953216373
0 0.5868924889543446 0.6747076023391813 0.06921944035346098 0.027777777777777776
0 0.47054491899852724 0.8845029239766081 0.05154639175257732 0.017543859649122806
0 0.821060382916053 0.6491228070175439 0.09572901325478644 0.02631578947368421
0 0.390279823269514 0.8574561403508771 0.05891016200294551 0.027777777777777776
0 0.36524300441826213 0.5972222222222222 0.07952871870397643 0.024853801169590642
0 0.8630338733431516 0.8764619883040935 0.061855670103092786 0.021929824561403508
0 0.9189985272459499 0.8976608187134503 0.03829160530191458 0.03216374269005848
1 0.3070692194403535 0.7046783625730993 0.027982326951399114 0.05847953216374269
1 0.20103092783505155 0.8596491228070176 0.025036818851251842 0.05847953216374269
0 0.7695139911634756 0.570906432748538 0.14580265095729014 0.04532163742690058
0 0.9182621502209131 0.6907894736842105 0.08394698085419734 0.06871345029239766
0 0.8961708394698086 0.7412280701754386 0.033873343151693665 0.017543859649122806
0 0.8365243004418262 0.844298245614035 0.03829160530191458 0.024853801169590642
0 0.06553755522827688 0.029970760233918127 0.042709867452135494 0.05701754385964912