0 0.614138438880707 0.6542397660818713 0.10309278350515463 0.024853801169590642
0 0.7842415316642121 0.7887426900584795 0.0662739322533137 0.019005847953216373
0 0.13917525773195877 0.6052631578947368 0.060382916053019146 0.023391812865497075
0 0.22459499263622976 0.5679824561403508 0.045655375552282766 0.021929824561403508
0 0.5868924889543446 0.7602339181286549 0.0662739322533137 0.038011695906432746
0 0.31516936671575846 0.6140350877192982 0.06480117820324005 0.03216374269005848
0 0.31001472754050075 0.6593567251461988 0.060382916053019146 0.014619883040935672
0 0.4072164948453608 0.6432748538011696 0.09278350515463918 0.02631578947368421
0 0.1524300441826215 0.5021929824561403 0.05743740795287187 0.024853801169590642
0 0.09867452135493372 0.6286549707602339 0.050073637702503684 0.07017543859649122
0 0.20029455081001474 0.875 0.023564064801178203 0.033625730994152045
0 0.10309278350515463 0.4649122807017544 0.029455081001472753 0.02631578947368421