0 0.7930780559646539 0.783625730994152 0.0662739322533137 0.02046783625730994
0 0.8188512518409425 0.8435672514619883 0.07363770250368189 0.02046783625730994
0 0.6715758468335787 0.8501461988304093 0.06774668630338733 0.024853801169590642
0 0.1958762886597938 0.6600877192982456 0.05596465390279823 0.03070175438596491
0 0.6200294550810015 0.7821637426900584 0.07658321060382917 0.038011695906432746
0 0.13181148748159058 0.7792397660818713 0.060382916053019146 0.029239766081871343
0 0.7297496318114874 0.8369883040935672 0.0662739322533137 0.03070175438596491
0 0.10824742268041238 0.7828947368421052 0.101620029455081 0.04239766081871345
0 0.1642120765832106 0.7083333333333333 0.033873343151693665 0.039473684210526314
0 0.9013254786450663 0.7514619883040935 0.05596465390279823 0.04678362573099415
0 0.9101620029455081 0.7938596491228069 0.04418262150220913 0.02631578947368421
0 0.9086892488954345 0.8954678362573099 0.032400589101620025 0.027777777777777776
0 0.09425625920471281 0.9027777777777777 0.05596465390279823 0.033625730994152045