0 0.6926470588235294 0.7576219512195123 0.061764705882352944 0.0233739837398374
0 0.6132352941176471 0.7332317073170732 0.058823529411764705 0.011178861788617888
0 0.15955882352941175 0.7942073170731708 0.125 0.03150406504065041
0 0.5080882352941176 0.6270325203252033 0.13970588235294118 0.02845528455284553
0 0.35955882352941176 0.826219512195122 0.08970588235294118 0.024390243902439025
0 0.6169117647058824 0.8963414634146343 0.1161764705882353 0.022357723577235776
0 0.5522058823529412 0.8226626016260163 0.11323529411764706 0.021341463414634148
0 0.13897058823529412 0.7200203252032521 0.11911764705882352 0.04166666666666667
0 0.43088235294117644 0.8368902439024392 0.06470588235294117 0.017276422764227643
0 0.2566176470588235 0.8450203252032521 0.1338235294117647 0.021341463414634148
0 0.41102941176470587 0.8866869918699188 0.060294117647058824 0.013211382113821139
1 0.24485294117647058 0.8922764227642277 0.0661764705882353 0.024390243902439025
1 0.5147058823529411 0.8607723577235773 0.14705882352941177 0.02845528455284553
1 0.1875 0.6173780487804879 0.060294117647058824 0.017276422764227643