0 0.37260677466863035 0.9261695906432748 0.07069219440353461 0.019005847953216373
0 0.2746686303387334 0.9071637426900584 0.054491899852724596 0.021929824561403508
0 0.7768777614138439 0.9283625730994152 0.060382916053019146 0.017543859649122806
0 0.7187039764359352 0.8764619883040935 0.06480117820324005 0.024853801169590642
0 0.3645066273932253 0.9649122807017543 0.048600883652430045 0.017543859649122806
0 0.18041237113402062 0.8954678362573099 0.048600883652430045 0.021929824561403508
0 0.5589101620029455 0.8742690058479532 0.05154639175257732 0.014619883040935672
0 0.6089837997054491 0.9239766081871345 0.060382916053019146 0.017543859649122806
0 0.6008836524300442 0.9656432748538011 0.05596465390279823 0.019005847953216373
0 0.43593519882179677 0.9071637426900584 0.07069219440353461 0.03070175438596491
0 0.1053019145802651 0.7733918128654971 0.027982326951399114 0.017543859649122806