0 0.8389705882352941 0.7327235772357724 0.057352941176470586 0.016260162601626018
0 0.7654411764705882 0.7266260162601627 0.054411764705882354 0.020325203252032523
0 0.8419117647058824 0.6996951219512196 0.051470588235294115 0.013211382113821139
0 0.7477941176470588 0.6610772357723578 0.054411764705882354 0.0233739837398374
0 0.6029411764705882 0.733739837398374 0.07941176470588235 0.016260162601626018
0 0.6713235294117647 0.6671747967479675 0.057352941176470586 0.021341463414634148
0 0.7492647058823529 0.6016260162601627 0.08088235294117647 0.020325203252032523
0 0.6132352941176471 0.6895325203252033 0.1 0.019308943089430895
0 0.8661764705882353 0.5619918699186992 0.061764705882352944 0.026422764227642278
0 0.8610294117647058 0.6341463414634148 0.057352941176470586 0.014227642276422765
0 0.8279411764705882 0.6697154471544716 0.05 0.024390243902439025
0 0.85 0.9059959349593497 0.06764705882352941 0.019308943089430895
0 0.8051470588235294 0.5838414634146342 0.051470588235294115 0.015243902439024392
0 0.725735294117647 0.8531504065040652 0.04852941176470588 0.015243902439024392
0 0.7367647058823529 0.6234756097560976 0.061764705882352944 0.015243902439024392
0 0.8941176470588235 0.6732723577235773 0.06764705882352941 0.019308943089430895
0 0.8852941176470588 0.6077235772357724 0.058823529411764705 0.024390243902439025
0 0.8727941176470588 0.614329268292683 0.075 0.021341463414634148
0 0.8566176470588235 0.6168699186991871 0.04264705882352941 0.012195121951219513
0 0.8963235294117647 0.7809959349593497 0.04852941176470588 0.013211382113821139