0 0.8397058823529412 0.6351626016260163 0.07058823529411765 0.016260162601626018
0 0.46397058823529413 0.8008130081300814 0.07205882352941176 0.020325203252032523
0 0.8705882352941177 0.666158536585366 0.07058823529411765 0.017276422764227643
0 0.7080882352941177 0.71239837398374 0.0661764705882353 0.024390243902439025
0 0.1125 0.8440040650406505 0.04264705882352941 0.011178861788617888
0 0.40955882352941175 0.8440040650406505 0.07794117647058824 0.0233739837398374
0 0.13308823529411765 0.878048780487805 0.06323529411764706 0.014227642276422765
0 0.11764705882352941 0.6732723577235773 0.07058823529411765 0.015243902439024392
0 0.20808823529411766 0.7952235772357724 0.039705882352941174 0.019308943089430895
0 0.24779411764705883 0.8516260162601627 0.06911764705882353 0.014227642276422765
0 0.3154411764705882 0.8033536585365855 0.08676470588235294 0.017276422764227643
0 0.10367647058823529 0.894308943089431 0.039705882352941174 0.012195121951219513
0 0.11985294117647059 0.9212398373983741 0.054411764705882354 0.015243902439024392
1 0.31323529411764706 0.7301829268292683 0.15 0.02947154471544716
0 0.6573529411764706 0.8440040650406505 0.11176470588235293 0.03150406504065041
0 0.1375 0.7865853658536586 0.07205882352941176 0.034552845528455285
1 0.4617647058823529 0.9430894308943091 0.15 0.030487804878048783
0 0.9397058823529412 0.5645325203252033 0.05 0.019308943089430895
0 0.16397058823529412 0.6981707317073171 0.08676470588235294 0.05691056910569106
0 0.15220588235294116 0.79369918699187 0.04852941176470588 0.02845528455284553
0 0.7970588235294117 0.848069105691057 0.07352941176470588 0.04166666666666667
0 0.1 0.6001016260162603 0.03823529411764706 0.013211382113821139
1 0.5463235294117647 0.8927845528455286 0.2338235294117647 0.04573170731707318
1 0.6661764705882353 0.8185975609756099 0.1676470588235294 0.037601626016260166
0 0.15808823529411764 0.9507113821138212 0.11029411764705882 0.02947154471544716