0 0.18998527245949925 0.7558479532163742 0.050073637702503684 0.017543859649122806
0 0.1796759941089838 0.8230994152046783 0.06480117820324005 0.023391812865497075
0 0.14727540500736377 0.9502923976608186 0.050073637702503684 0.017543859649122806
0 0.7916053019145802 0.9159356725146198 0.048600883652430045 0.019005847953216373
0 0.34536082474226804 0.9049707602339181 0.07511045655375552 0.02046783625730994
1 0.4366715758468336 0.8413742690058479 0.0780559646539028 0.039473684210526314
0 0.5559646539027983 0.827485380116959 0.07216494845360824 0.029239766081871343
0 0.3954344624447717 0.9546783625730993 0.06921944035346098 0.023391812865497075
0 0.5508100147275405 0.8567251461988303 0.06774668630338733 0.029239766081871343
0 0.17304860088365243 0.6944444444444444 0.054491899852724596 0.09064327485380116
0 0.8438880706921944 0.7741228070175438 0.053019145802650956 0.04824561403508772
0 0.8917525773195876 0.7200292397660818 0.054491899852724596 0.04824561403508772
0 0.833578792341679 0.7200292397660818 0.050073637702503684 0.04824561403508772
0 0.605301914580265 0.864766081871345 0.08541973490427099 0.05116959064327485
0 0.29823269513991163 0.9415204678362572 0.060382916053019146 0.02046783625730994
0 0.12886597938144329 0.8932748538011696 0.045655375552282766 0.04678362573099415
1 0.38217967599410896 0.875 0.0662739322533137 0.021929824561403508