0 0.8073529411764706 0.7698170731707318 0.07058823529411765 0.017276422764227643
0 0.7764705882352941 0.4634146341463415 0.061764705882352944 0.016260162601626018
0 0.8404411764705882 0.8221544715447155 0.054411764705882354 0.014227642276422765
0 0.6272058823529412 0.8932926829268294 0.060294117647058824 0.012195121951219513
0 0.7654411764705882 0.9136178861788619 0.07794117647058824 0.020325203252032523
0 0.8661764705882353 0.5091463414634146 0.058823529411764705 0.014227642276422765
0 0.30220588235294116 0.7007113821138212 0.06911764705882353 0.013211382113821139
0 0.38235294117647056 0.7997967479674798 0.07058823529411765 0.020325203252032523
0 0.8110294117647059 0.8927845528455286 0.04264705882352941 0.015243902439024392
0 0.3698529411764706 0.9120934959349595 0.0838235294117647 0.021341463414634148
0 0.5536764705882353 0.5142276422764228 0.08088235294117647 0.014227642276422765
0 0.1536764705882353 0.8826219512195123 0.057352941176470586 0.019308943089430895
0 0.33455882352941174 0.8592479674796749 0.12205882352941176 0.025406504065040653
0 0.11323529411764706 0.8506097560975611 0.07352941176470588 0.01829268292682927
0 0.7735294117647059 0.8551829268292683 0.07058823529411765 0.015243902439024392
0 0.11691176470588235 0.6727642276422765 0.030882352941176472 0.05081300813008131
0 0.7161764705882353 0.8368902439024392 0.061764705882352944 0.013211382113821139
0 0.6198529411764706 0.9502032520325204 0.04852941176470588 0.016260162601626018
0 0.44705882352941173 0.7830284552845529 0.058823529411764705 0.011178861788617888
0 0.5088235294117647 0.9273373983739839 0.08235294117647059 0.019308943089430895
0 0.8801470588235294 0.902439024390244 0.051470588235294115 0.016260162601626018
0 0.1889705882352941 0.8567073170731708 0.04264705882352941 0.012195121951219513
0 0.14705882352941177 0.8297764227642277 0.03529411764705882 0.017276422764227643
0 0.825 0.8795731707317074 0.029411764705882353 0.011178861788617888
0 0.899264705882353 0.9044715447154472 0.08676470588235294 0.022357723577235776
0 0.12426470588235294 0.8150406504065042 0.03676470588235294 0.05487804878048781