0 0.7525773195876289 0.72953216374269 0.08247422680412371 0.02046783625730994
0 0.17746686303387335 0.8121345029239766 0.0662739322533137 0.033625730994152045
0 0.7997054491899852 0.7967836257309941 0.08247422680412371 0.023391812865497075
0 0.6310751104565537 0.8764619883040935 0.045655375552282766 0.019005847953216373
0 0.48159057437407954 0.8450292397660818 0.06480117820324005 0.023391812865497075
0 0.5419734904270986 0.9159356725146198 0.07658321060382917 0.024853801169590642
0 0.21428571428571427 0.9415204678362572 0.0662739322533137 0.017543859649122806
0 0.6060382916053019 0.8523391812865496 0.07216494845360824 0.017543859649122806
0 0.5368188512518409 0.9641812865497076 0.05743740795287187 0.021929824561403508
0 0.5014727540500736 0.7814327485380117 0.054491899852724596 0.021929824561403508
0 0.804860088365243 0.43421052631578944 0.09278350515463918 0.03216374269005848
0 0.8402061855670103 0.3698830409356725 0.05154639175257732 0.03216374269005848
0 0.8748159057437408 0.3501461988304093 0.06774668630338733 0.027777777777777776
0 0.9256259204712812 0.375 0.045655375552282766 0.03070175438596491
0 0.9042709867452136 0.31725146198830406 0.061855670103092786 0.03216374269005848
0 0.8748159057437408 0.33187134502923976 0.020618556701030927 0.02046783625730994
0 0.9410898379970545 0.28581871345029236 0.032400589101620025 0.03070175438596491
0 0.10824742268041238 0.5299707602339181 0.025036818851251842 0.039473684210526314
1 0.4374079528718704 0.9407894736842105 0.08541973490427099 0.06871345029239766