0 0.7992647058823529 0.7210365853658537 0.1514705882352941 0.02947154471544716
0 0.6595588235294118 0.9446138211382115 0.0838235294117647 0.019308943089430895
0 0.8323529411764706 0.6244918699186992 0.052941176470588235 0.021341463414634148
0 0.24044117647058824 0.9557926829268294 0.08970588235294118 0.02947154471544716
0 0.4602941176470588 0.8750000000000001 0.13529411764705881 0.032520325203252036
0 0.8323529411764706 0.8922764227642277 0.08235294117647059 0.020325203252032523
0 0.8455882352941176 0.8379065040650407 0.08823529411764705 0.025406504065040653
0 0.6411764705882352 0.6570121951219513 0.11764705882352941 0.027439024390243906
0 0.9095588235294118 0.6244918699186992 0.07205882352941176 0.027439024390243906
0 0.8492647058823529 0.3455284552845529 0.027941176470588233 0.04471544715447155
1 0.36470588235294116 0.8069105691056911 0.13529411764705881 0.04065040650406505
0 0.08308823529411764 0.568089430894309 0.033823529411764704 0.0467479674796748
0 0.4161764705882353 0.9563008130081302 0.13823529411764707 0.030487804878048783
0 0.7102941176470589 0.9202235772357724 0.11470588235294117 0.02947154471544716
0 0.9095588235294118 0.5604674796747968 0.057352941176470586 0.04166666666666667
0 0.2801470588235294 0.41971544715447157 0.04852941176470588 0.014227642276422765
0 0.9301470588235294 0.44613821138211385 0.04852941176470588 0.01829268292682927
0 0.14338235294117646 0.8785569105691058 0.1338235294117647 0.08434959349593497
0 0.9169117647058823 0.5335365853658537 0.054411764705882354 0.034552845528455285
0 0.8139705882352941 0.9131097560975611 0.04264705882352941 0.013211382113821139