0 0.4565537555228277 0.8530701754385964 0.07363770250368189 0.024853801169590642
0 0.25257731958762886 0.638157894736842 0.08100147275405008 0.03070175438596491
0 0.678939617083947 0.8801169590643274 0.08541973490427099 0.04093567251461988
0 0.7238586156111929 0.9298245614035088 0.09278350515463918 0.029239766081871343
0 0.21649484536082475 0.9334795321637427 0.10309278350515463 0.027777777777777776
0 0.3203240058910162 0.9159356725146198 0.08100147275405008 0.024853801169590642
0 0.6671575846833578 0.8435672514619883 0.08541973490427099 0.02046783625730994
0 0.28792341678939615 0.7558479532163742 0.045655375552282766 0.023391812865497075
0 0.3122238586156112 0.9554093567251462 0.050073637702503684 0.021929824561403508
0 0.2665684830633284 0.75 0.08247422680412371 0.029239766081871343
0 0.10898379970544919 0.7807017543859649 0.11487481590574374 0.11695906432748537
0 0.07584683357879234 0.26461988304093564 0.045655375552282766 0.03508771929824561
0 0.18114874815905743 0.7163742690058479 0.029455081001472753 0.03216374269005848