0 0.5552282768777614 0.9115497076023391 0.08541973490427099 0.021929824561403508
0 0.41973490427098675 0.8230994152046783 0.07658321060382917 0.02046783625730994
0 0.30633284241531666 0.8450292397660818 0.08247422680412371 0.023391812865497075
0 0.21354933726067746 0.8728070175438596 0.06480117820324005 0.023391812865497075
0 0.5014727540500736 0.8318713450292398 0.07216494845360824 0.02631578947368421
0 0.540500736377025 0.8603801169590642 0.05596465390279823 0.019005847953216373
0 0.6119293078055964 0.8479532163742689 0.10751104565537555 0.02631578947368421
0 0.3203240058910162 0.915204678362573 0.0898379970544919 0.03508771929824561
0 0.22017673048600883 0.9078947368421052 0.045655375552282766 0.011695906432748537
0 0.28718703976435933 0.9517543859649122 0.07658321060382917 0.02046783625730994
0 0.15979381443298968 0.32383040935672514 0.042709867452135494 0.04532163742690058
0 0.12592047128129602 0.27850877192982454 0.054491899852724596 0.024853801169590642
0 0.07658321060382917 0.3019005847953216 0.032400589101620025 0.024853801169590642